7.826378111005217741e-01 -7.114664244726822684e-01
2.817318301619756715e-01 8.806141709911012860e-01
2.295113929183134616e-02 1.116604766652885550e+00
-5.563157463586970719e-01 -9.570599119428857549e-01
-9.006440675800773121e-01 -1.205534742471675441e-01
-8.726753817440218164e-01 2.878736528300247510e-01
7.824786363852306303e-01 3.108643822852381056e-01
-1.099315469020691882e-01 1.094264573259960738e+00
1.040599736066239123e+00 1.124500944635365707e-01
8.413269407560109991e-01 -5.715192139691445128e-01
-6.634575995452504094e-01 -7.560584229008715518e-01
1.046584450349601791e+00 -3.930450810989083443e-01
-6.929600159952011840e-01 -8.022179201787714709e-01
1.355982235278367920e-01 -9.902092329502449886e-01
-4.798975799543631071e-01 -1.006220734698546782e+00
1.017180592575392950e+00 -1.061458597475481297e-01
9.512501429104507356e-01 7.333926228533779734e-02
-5.010487862951596982e-01 -8.019422336731165668e-01
4.477398627151077393e-01 7.261861378645463327e-01
-6.241971656002708313e-01 -7.387429265617749818e-01
-7.855821978773689374e-01 -6.892590303904211346e-01
-1.031552568729566133e+00 3.342137565530677312e-01
-9.270858261881484985e-01 3.138489490763818335e-01
3.446318435823364501e-01 9.313735147887107768e-01
3.088431280191820116e-01 1.150404525312971327e+00
9.397456078456661865e-01 5.056873495190401524e-01
3.442856232481688039e-01 9.258014489746693165e-01
9.307229974146208340e-01 3.112710312093040499e-01
8.600812988824533267e-01 6.603829750509084828e-01
7.177347588499009001e-01 3.960046867917721980e-01
-8.006052954167788283e-01 6.388962462038728640e-01
4.064248022983039665e-01 -8.640482042005643848e-01
-1.366183206669853711e-01 9.038293758500675068e-01
-9.837751515831911764e-01 2.670370442280178835e-01
8.723661929525954317e-01 -1.811611846063757025e-01
1.068427556565748615e+00 -8.576782800668114604e-02
1.032645491023278517e+00 3.805660201133789222e-01
-9.890644069477437794e-01 2.095157331803955691e-01
-5.310207875977522862e-01 -1.018404197157435132e+00
-7.840392348037714676e-01 5.234614756181402706e-01
-4.219688646523197528e-01 -6.932944375847061025e-01
5.555878892846036754e-01 -8.031298448686751135e-01
9.218166919070456267e-01 4.453351786461152706e-01
3.220093633051148707e-01 -8.312427980982177722e-01
-6.099251272860943818e-01 6.768887721004681612e-01
9.784050261121712833e-01 -2.073405820569176883e-01
-9.615906745985034476e-01 -4.821609991615482538e-01
7.979130525847515365e-01 6.277100073434089822e-01
-1.171175822465718441e-01 -1.084831750528336469e+00
-1.867350557206199635e-01 -8.993703886829126359e-01
