-8.254890887510915043e-01 -5.049736409527872533e-03 5.643954859095586807e-01
-4.850088235873069586e-01 -4.852100684062556346e-01 7.275559295062157261e-01
-8.619071115267711303e-01 -4.468705898554392042e-01 2.396305636220679436e-01
2.885659612926698425e-02 -9.228704382850129173e-01 -3.840279299731477192e-01
-2.212869925537258031e-01 -1.999851025478134592e-01 9.544831196440657362e-01
-5.466025087213978173e-01 7.170094503871647651e-02 -8.343168894011609993e-01
-7.650323224423120072e-01 -6.370127364906488232e-01 -9.455326100784430809e-02
-7.875053057271969026e-01 -4.622391827866795810e-01 -4.076399530814130978e-01
-9.558301369958553673e-02 -5.040457045823983073e-02 9.941444898851601319e-01
7.533249428523660640e-01 -2.151182445154883327e-01 6.214705715905252115e-01
-1.028041357859732635e-01 -2.710384023629390238e-01 -9.570629520098689058e-01
-5.699185161314359593e-01 -5.059037026144740379e-01 6.474985163315110093e-01
5.977486727596484917e-01 2.631955066749932515e-01 7.572480765774003419e-01
1.525955645165987529e-01 4.065271131733356191e-01 9.008053618539437757e-01
1.475510673836442910e-01 -7.807462952971101489e-01 -6.071769963476753018e-01
7.435092944491501488e-01 5.319662979545063397e-01 -4.052231322472895081e-01
-6.524383559391044862e-01 -2.222379805113121887e-01 7.245236170876226955e-01
-7.187196869290130019e-01 -4.739368036561241726e-01 5.087493663493625196e-01
7.685657419461758844e-01 4.155379551098858371e-01 4.864513420372263419e-01
-9.890234967325789439e-01 -6.908487846898918316e-02 -1.306131788059205212e-01
2.296774728888538730e-01 9.382780004307689214e-01 2.586168060181474049e-01
-2.870409679861621322e-01 5.921997870433098887e-01 -7.529321980918504131e-01
-2.492458188492358007e-01 6.497884504961299879e-01 -7.180887768152433015e-01
-1.012093196662332967e-01 9.930417105968696312e-01 -6.020659953477965065e-02
5.856556882228194927e-02 5.321242403090596929e-01 8.446383054444241978e-01
-1.461710039688231544e-01 9.197539098026292770e-01 3.642619702927047953e-01
-9.969318661202707377e-01 -1.953582767232104472e-02 -7.579713550730088345e-02
-1.867899700798636708e-01 -9.809711095300125416e-01 5.296403822425009567e-02
9.374575221628597133e-01 -2.941913082222788467e-01 1.860775867930777872e-01
-6.825005923625193649e-01 3.840545386061869904e-01 6.218480946346935934e-01
9.818524929408698476e-01 1.488044604893810074e-01 1.175708919939941061e-01
1.303634908363634215e-01 -7.035782389861776620e-01 -6.985578157046604675e-01
-2.209925399235709853e-01 -8.799225350437982485e-01 -4.205931877957900245e-01
-7.637415335907988823e-01 6.431141507636669585e-01 5.570510708994393101e-02
1.889695717006796838e-01 7.632424108976073596e-01 6.178604398879001813e-01
7.458523755953204715e-01 5.433943192569928859e-01 3.852620505812197615e-01
7.328725403487948986e-01 -3.959899003891453328e-01 5.532538643267651546e-01
-6.390235545240026127e-01 -7.625468703491956601e-01 -1.008522051526690860e-01
7.677758057451349039e-02 7.859106042312576923e-01 6.135549896121647029e-01
2.475365046980972927e-01 9.668077838792542567e-01 -6.331183042949956041e-02
2.977736568699839159e-01 -7.464867512664282723e-01 5.950532576652031169e-01
3.431151419283806625e-02 9.200092446562186943e-01 3.903917388225428553e-01
-5.560083293769285673e-01 -5.354775989923590274e-01 -6.357031371960149002e-01
-2.962708752248027766e-01 2.350394390734011074e-01 9.257321591981074738e-01
-4.160507862730344897e-01 2.084305681802834931e-01 8.851318780213679460e-01
4.245897747648501031e-01 -7.975741694296789586e-01 4.284845007975102704e-01
6.573865971897557836e-01 2.681856468506200741e-01 7.042153936535242575e-01
6.786610057317755684e-01 -5.751059920957959370e-01 4.568066737194685367e-01
5.355142856855757971e-01 -3.922309484433629256e-01 7.479166617410575313e-01
5.600266748987066112e-01 5.707038854603505573e-01 -6.005557413948828804e-01
9.470836309287005150e-01 -2.279539765787924610e-01 2.259857973166111145e-01
-9.344375845438622485e-02 9.883316409516802459e-01 1.202864560109625919e-01
-5.472356473173447533e-01 1.547805423498919697e-01 -8.225424791553563875e-01
1.945351913892297557e-01 -4.699061736550330104e-01 8.610135000521430548e-01
5.729007371747868449e-01 -6.630089843644587644e-01 4.818753282713221786e-01
7.269578502273166265e-01 -5.992246331491856148e-01 3.353537282036714862e-01
-9.518842467200627766e-01 7.343611528940824362e-02 2.975290201264064738e-01
5.782529809662503156e-02 -3.110855532982330085e-01 9.486211116294896994e-01
3.134691237054028634e-01 8.922914439628903960e-01 -3.248893465689310367e-01
4.282883666686502777e-01 3.105664483161574719e-03 9.036367798094639969e-01
-3.905368056083617367e-01 -9.141409626559893198e-01 -1.087534084964595221e-01
-5.484849683498376205e-01 3.944533004139411103e-01 7.372725637692119083e-01
1.789605217493331901e-01 9.353917794068378200e-01 -3.049841810214364290e-01
3.972241534357082715e-01 8.124208197939651876e-01 -4.268317976587339690e-01
6.415004139590527732e-01 2.656779845250106797e-01 -7.196474327259787529e-01
6.611480128628751674e-01 -7.236927808663913275e-01 1.978688050434954937e-01
-7.120631217436906857e-01 3.473169844793914662e-01 -6.101942501734771707e-01
3.114892960115804854e-01 -7.660780946966235794e-01 -5.622266191636614563e-01
3.804462472386964111e-01 5.392761350180105273e-01 7.512934867027859509e-01
9.790010427928872438e-01 1.920813891091054382e-01 -6.827662973782297473e-02
-3.233653088582726931e-01 -6.085561519938799124e-01 7.246338985290404766e-01
-2.451437693369598880e-01 -1.365732927239975691e-01 -9.598188725326214366e-01
9.543549188309023990e-01 -2.862192994909731336e-01 8.535339186088868046e-02
3.416363942473318177e-02 -5.201438434422619439e-01 -8.533951182602163010e-01
-6.842688658024424916e-05 -1.485912357647756199e-01 -9.888987005612143166e-01
5.716996705299668413e-01 -1.161884459007890835e-01 -8.121943928365220611e-01
-6.591239779684916755e-02 -9.133554879596420539e-01 4.017926186861501825e-01
6.008626699115154901e-01 9.009408565975675354e-02 -7.942588417108982224e-01
-1.707324138401968283e-01 -5.388333764126596037e-01 -8.249297153867308774e-01
9.870418586811560147e-01 -1.286513360975286291e-01 -9.590204863072411545e-02
9.218909289362959836e-01 3.488909663053446075e-01 -1.684998776720505742e-01
-5.686305022067256187e-01 4.200376785168175031e-01 7.072677714885144962e-01
-7.243574963711566506e-01 6.518927208293004982e-01 -2.243704481001927153e-01
-7.369996260953208811e-01 -3.192349046731999263e-01 5.957521521351395455e-01
6.104501221318502369e-01 6.990156062547643323e-01 3.724618512029029826e-01
-8.960276954145025563e-01 3.728732769268965908e-01 2.410391843746018670e-01
5.549064306097442056e-01 -7.810624535805341662e-01 -2.863918589532689074e-01
2.110488252457351777e-01 -4.587444268742548181e-01 -8.631407441282137327e-01
4.630057624964685759e-01 6.728893955954011463e-02 8.837974103311325713e-01
3.442892190006898723e-01 -3.479938223585550272e-01 8.719892391997606795e-01
2.782174808140168154e-01 -7.032551361179038008e-01 -6.542379130662565601e-01
-7.006210097341547538e-01 -7.067674934567791389e-01 -9.803015307503605558e-02
-6.798798399571294448e-02 -3.247566608644110731e-01 -9.433508071000928918e-01
6.164432988018033743e-01 -7.862887274518736147e-01 4.180545950547562284e-02
8.072667464924148106e-01 -5.599258580602707314e-01 -1.865567835352575643e-01
-3.866360618944971184e-01 -9.221877675858499712e-01 9.070664680223378476e-03
7.870028815675892409e-01 4.944138278908983275e-01 3.690276835070510630e-01
9.354789248036290972e-02 -3.044384118660193803e-02 -9.951492171258978781e-01
8.781744562967874757e-01 -9.080119744190671971e-02 -4.696432335837040783e-01
-4.371026068895926264e-01 -8.913890157914935441e-01 1.198621440513843034e-01
7.478843361046020322e-01 5.591637126710282679e-01 -3.577778112758394635e-01
-8.699419934810123101e-01 -2.692364539076123053e-01 -4.131738857497367912e-01
-4.761990002607949801e-01 -4.233198855016279127e-01 7.707365222237155811e-01
8.779301248305304561e-01 3.958140301275644424e-01 2.693881019444340219e-01
2.747759194590367327e-01 8.568617622019487623e-01 -4.362179668028496882e-01
4.501662547600782105e-01 -8.775394529853939307e-01 1.651509961501290980e-01
-6.543490190162585263e-01 -1.681115110209596419e-01 -7.372692053617251329e-01
8.988458030617503258e-01 1.155828878077245769e-01 4.227491198859010257e-01
7.314962015262883588e-01 1.800651339081298929e-01 -6.576396085267818270e-01
4.756091865599385016e-01 -6.130201750195007904e-01 6.308741290295982740e-01
-1.453204507821776459e-01 -6.436511155799281569e-01 -7.513955070381900248e-01
-7.382401801478661874e-01 -1.373205336478570127e-01 -6.604123768176318743e-01
2.145572579014602410e-01 2.778301249232688064e-01 9.363629663580929074e-01
-1.625119304365325035e-01 -1.924584782796541216e-01 -9.677549310667816762e-01
7.507185717530091562e-01 -6.460617186072701301e-01 1.379343386374212999e-01
1.404266620193330151e-01 9.517929906273662199e-01 -2.727094710249763909e-01
6.943683727210917533e-01 -6.831561002979492647e-01 -2.261643331526027867e-01
6.826602116707132240e-01 5.575938612120243665e-01 4.722966454892124633e-01
-5.064625565996632162e-01 -8.478762789028330138e-01 1.568486354305262398e-01
2.523855181062782671e-02 9.986356365074947616e-01 -4.571521628268986059e-02
5.760441812005909767e-01 -8.116613765533037261e-01 9.684477846810807256e-02
9.144252432161514843e-01 -1.084001185746406304e-01 3.899690870595850511e-01
2.807492751828861155e-01 -7.370712006757272894e-01 6.147405059199577693e-01
1.771615215904621399e-01 -9.036948173623366998e-01 -3.898069680498350564e-01
-9.229593038590707677e-01 2.709892350311403075e-01 2.733330531004566910e-01
-4.222760782792838175e-01 4.419503257875936897e-01 -7.914308707962482980e-01
-1.218392917422506522e-01 9.389019483683366252e-01 -3.218979936841609990e-01
-7.799517580063082267e-01 5.397810167165199013e-01 3.167202380261630035e-01
-4.618194655561504436e-01 -8.759618312970548493e-01 1.393328796233738454e-01
7.314728582050835648e-01 7.655350108285924327e-02 6.775596056298238690e-01
6.468953479091515968e-01 -5.079927131652184347e-01 -5.687440656609420442e-01
2.534125990074336809e-01 6.831956261075108339e-01 6.848545766305893512e-01
-3.894200852859643156e-03 4.921947328998185212e-01 8.704764098500279434e-01
-7.592215610586915409e-01 -5.020970533721264006e-01 -4.141028498074262321e-01
-3.089542685247096410e-01 -8.982090229789897462e-01 -3.126784466500535098e-01
5.510903518432228587e-01 -7.742286000575252514e-01 3.112386527381797996e-01
-6.091625439087591243e-01 7.457754366424864667e-01 -2.697035283405053163e-01
6.972447923452597118e-01 6.190126192941648453e-01 3.614873119515994437e-01
3.423447338243595373e-01 6.291898147107878314e-01 6.977967184552625879e-01
-7.311104150836104099e-01 -6.819753902632430531e-01 -1.967556940899277407e-02
-4.426493095966813063e-01 -4.352943888854109988e-01 -7.839517738473827935e-01
-1.764831571811747435e-01 -1.385411688926179441e-01 9.745050229492057126e-01
-1.405928443010588669e-01 -8.282755448048385594e-01 5.423958646685885787e-01
9.364910337880445468e-01 -3.367997899538821005e-01 9.772637884225733595e-02
-4.084934513292354796e-01 -8.894919721091735232e-01 -2.047855751132452717e-01
-5.180827797738376539e-01 7.031170624464153640e-01 4.870488987756122490e-01
9.813821468103056667e-01 -1.316630530359223228e-01 -1.398353402658121247e-01
9.156570324082330403e-01 3.233058803236968926e-01 2.388420121114946670e-01
7.608968099706785448e-01 -4.911001047346232329e-01 4.240951917978877383e-01
5.517201782512654723e-02 -3.160242236640827262e-01 9.471455740838458093e-01
-4.942961154954546021e-01 -8.689221172144566685e-01 2.541071470168271285e-02
5.846329533323053607e-01 -3.119456471764363650e-02 8.106979764437698410e-01
9.545022057878808086e-01 1.545905620009101755e-01 2.550045044431822339e-01
-1.036407291913742507e-01 5.291170917366695425e-01 -8.421957625664054925e-01
2.751388907117950366e-01 8.930426918899199151e-01 3.560524417552679566e-01
5.686629540777270453e-01 6.751451117643190170e-01 4.698952252580761990e-01
3.413631929869488935e-01 -2.896448801072956658e-01 -8.941907033185847453e-01
1.778923577100774422e-01 -3.669122197328612573e-03 9.840431121707273743e-01
5.416436241243012262e-01 -3.906617001686836232e-01 7.443155382408769283e-01
2.199298331687291330e-01 -6.777808901996867919e-01 -7.016009787354170468e-01
7.003045387653782372e-01 -7.119333947407581187e-01 -5.219573198558091764e-02
4.335110593484218788e-01 -7.447448574987834968e-01 5.073689571226503991e-01
-7.151181815995344415e-01 6.539398592264892285e-01 -2.469182999710926307e-01
-6.119095439867087149e-01 5.230129458726222591e-01 5.933162465562693555e-01
2.071501757074891703e-01 2.167759627686025592e-01 -9.539900348903556093e-01
2.775703823103413403e-02 -9.996134336414762567e-01 1.590632622214873835e-03
-2.341195580791191055e-01 6.570321604477896704e-01 7.165868912156764248e-01
-2.554832400527399239e-01 5.327203999630757414e-01 -8.068068477122233295e-01
7.198049181821317699e-01 -5.150288815524686203e-01 4.654311237203931917e-01
2.502723738411738452e-01 8.982870334455879124e-01 -3.611705198869765154e-01
-9.836634750031579555e-02 9.667477729282463184e-01 -2.360567838841389210e-01
1.892650951768723999e-01 9.645083205674190863e-01 -1.841261070677004952e-01
-4.813535593558819770e-01 8.655307427893981220e-01 1.384026162392033577e-01
-7.071341650622059438e-01 1.532655858178856301e-01 -6.902687395541515780e-01
-4.143044435787989754e-01 6.881836532615689395e-01 5.956132028543544843e-01
-8.496696837759387666e-02 5.712935572091732972e-01 -8.163358902902714265e-01
2.622808156402132163e-01 -8.761442631181143303e-01 -4.044502490447012266e-01
-2.013270137074767152e-01 9.482533222254457828e-01 -2.455261094874317818e-01
-3.754822398564721109e-01 9.190669066257632913e-01 1.197042551362202112e-01
5.109379378028188201e-01 5.767566861913647758e-01 6.374120713065908328e-01
4.817535315253896888e-01 -3.883950332874811506e-01 7.855334703120113726e-01
-7.959635414631883732e-01 5.582684938631311544e-01 -2.340477075751233593e-01
-9.783228922540530004e-01 -9.771364373604654596e-02 -1.825824808668388977e-01
-9.083679884757613898e-01 2.883632430916412970e-01 3.028435859419347231e-01
2.566785073146871099e-01 -3.779033577405795374e-01 8.895533688830028485e-01
2.265184247049539523e-01 -8.724548467614904323e-01 -4.330264929904061866e-01
-4.710089707502295164e-01 1.407370729380289509e-01 -8.708292747569098546e-01
-1.834073300629214254e-01 1.320264958739720829e-01 -9.741307692843044208e-01
9.845651893680839040e-01 1.526123197633512396e-01 -8.567886402747081076e-02
6.188845169785891498e-01 4.959796583927981728e-01 6.090863100618347792e-01
6.806739353574422502e-01 -6.254584415149789800e-01 3.814246080979387665e-01
2.207017356446146772e-01 -9.748965300685733526e-01 2.945334520406576312e-02
6.461494771300206885e-01 -5.983545452602401227e-01 4.737749374661053281e-01
2.284650981673210790e-01 9.278785690229662819e-01 2.946948592481528628e-01
-9.917053320466533428e-01 -3.598879050607136244e-03 -1.284818370814177491e-01
8.437478717443237797e-02 -3.915117664423438670e-01 9.162965851876044843e-01
5.285088216350184442e-01 -7.566867145636849701e-01 -3.848423592287892880e-01
9.871146915141346678e-01 -8.180182904880189260e-03 1.598051013096815076e-01
9.867094877847710777e-01 1.385477913234305081e-01 8.490521912647046310e-02
-1.237742530967223843e-02 9.211088118057727536e-01 -3.891084118294806382e-01
6.761737397013307671e-01 -7.016601327482849815e-01 -2.246377792135065832e-01
-9.421470127281011964e-01 -9.260850257429209184e-03 -3.350719968305687635e-01
-1.443775646563572324e-01 -3.492108290528293524e-01 9.258546946989765214e-01
-8.210071618697338536e-02 1.334355485826579368e-01 9.876509640434880666e-01
7.585110452281976778e-01 -6.372620688482329987e-01 -1.362279335308923256e-01
-9.897964178669118596e-01 5.670668406001495854e-02 -1.307187942139427794e-01
7.677342293247376714e-01 -4.513895706110252481e-01 -4.547874323975380495e-01
2.474532159757874827e-01 -8.091923271818868280e-01 5.328927504978865359e-01
4.588867098323002325e-01 3.007842408559344149e-01 -8.360333892805990041e-01
-5.461721751116473955e-01 -7.138427007929367685e-01 -4.383201497290054593e-01
-1.554791832414817443e-02 9.856658370687383375e-01 -1.679914279699092627e-01
5.868523557956627501e-01 7.260822100456820749e-01 -3.583419271481624313e-01
-9.646198414676241395e-01 2.600243202436702261e-01 -4.354209835082475250e-02
2.169731308975745773e-02 9.979454983775910559e-01 6.028274108388274877e-02
1.065704264786324074e-01 -9.498964916257995883e-01 2.938356673332212510e-01
-1.139664705459149385e-01 9.236004450804414789e-01 -3.660244000589547575e-01
-9.642466554317601357e-01 1.882287182717172214e-01 1.865431239859865753e-01
8.340257922777314370e-01 5.338076879642209560e-01 -1.394644402197045552e-01
6.263849802582761583e-01 -7.269605138625787610e-01 -2.813721162295481637e-01
9.098454868268520193e-03 9.909139707365888228e-01 -1.341891229498758109e-01
8.673177538859694335e-01 4.783025702041476812e-01 -1.377917455085876097e-01
9.902763231683155976e-01 -1.020514231498589885e-01 9.454264014364203994e-02
8.507621970676563228e-01 -1.394196767705297713e-01 5.067206703597308959e-01
3.488667458824123990e-01 -9.641061620315316549e-02 -9.322000786852276955e-01
-8.333519171496349687e-01 -1.660936895841875482e-01 5.271977508139991109e-01
2.442038846301875510e-01 4.264007067859316158e-01 -8.709459799459342566e-01
-4.577357315413614347e-01 -8.528028160148773962e-01 2.514067562087180518e-01
2.498951761216904877e-01 9.588260626829495648e-01 -1.349258406348531059e-01
-3.497624093921114508e-01 -7.558483832771726307e-01 5.534974963570381545e-01
1.999553743448888032e-01 8.297798398164165645e-01 5.210405605179289079e-01
5.500959262578419828e-01 5.536193899425863041e-01 -6.252199956768220712e-01
-7.610778583812430886e-01 -6.416222788618290984e-01 9.529608989866117374e-02
-1.459407571261840675e-01 5.130379008155093734e-01 -8.458684340583066952e-01
7.650891362780462002e-01 5.833406211093355997e-01 2.726762426635073733e-01
-9.511435426820429306e-01 9.923108287446905096e-02 -2.923681812472299635e-01
2.348015494518498891e-01 -8.322159760553899943e-01 -5.022796049743459834e-01
-6.216966497164128080e-01 3.200127790866335586e-01 -7.149021590068375120e-01
9.123696077370130331e-01 4.066115509944274731e-01 -4.742093921164924203e-02
8.667556913167741017e-01 -2.737182772111982909e-01 4.169087145773214820e-01
-1.933993046228960344e-01 -9.695465947418624442e-01 1.502534844715380791e-01
-6.705264125685467258e-02 5.483461540058258421e-02 9.962414909319676770e-01
-1.146562238909131087e-01 -8.737181248826128011e-01 -4.727267588942770660e-01
-4.888000039394777563e-01 4.106371700049225026e-01 -7.697088220613785836e-01
-9.811134949386580983e-02 7.258826977465598906e-01 6.807851880091611019e-01
-7.216885305116453875e-01 -2.774462588461131252e-01 -6.341839152645213362e-01
9.878035867312232599e-01 8.452287957314653932e-02 1.307668033928881812e-01
9.062875431504043844e-01 -1.749724776751524769e-01 3.847434485298251716e-01
-3.756888906048699295e-01 -6.919258174705759101e-01 -6.165196838656147316e-01
-9.283934823981524476e-01 -5.603452864556624641e-02 3.673495248943449143e-01
3.926828758174370493e-01 -3.846191358388413861e-01 8.353851084298368201e-01
1.428655816368470111e-01 -7.776966907994137257e-01 6.121905607759781098e-01
-3.231973773284748663e-01 -9.397704508902683385e-01 -1.112427746934477185e-01
2.217516179867395076e-01 -7.865975276044552267e-01 -5.762729817428728918e-01
9.243485769901436111e-01 -3.051526376671531149e-01 -2.290449212296041259e-01
7.998169291285332771e-02 -9.967823025027519046e-01 -5.288687559905505889e-03
-6.412246948159028292e-01 5.649000920817066618e-01 5.193445645468254268e-01
-1.696409126418439994e-01 9.606024750636429355e-01 -2.201473271689788069e-01
-8.823678270607346885e-01 -1.960280654423474933e-01 -4.277850106385779894e-01
-8.121513468106532629e-01 -2.924557495145031494e-01 -5.048562413693150619e-01
-2.067157276805642596e-01 1.768368611168571330e-02 9.782412254525966189e-01
-6.316262680871971291e-01 7.715541551018304522e-01 -7.584486276169689900e-02
4.175558820334394627e-01 8.832589157544115110e-01 -2.133091022896538014e-01
6.436087743416482043e-01 -4.874244157471499528e-01 -5.900721858586378543e-01
-7.921960900471639588e-01 5.827348027035721412e-01 1.812332878695703531e-01
-1.325636971279434417e-01 -7.591270621248642769e-02 9.882631872326660405e-01
5.499278056550542804e-01 8.223008861057372609e-01 -1.462896485645382716e-01
-6.015324811267293015e-01 -7.745573510765315639e-01 -1.954982967773067626e-01
-2.909674590690855892e-02 -6.682062690459779075e-01 -7.434068612713248259e-01
-4.775566050862908862e-01 5.605139500583542489e-01 6.765824419303513304e-01
1.596816589083436821e-01 9.775811793531340443e-01 1.372472425326467516e-01
-8.762792181790961532e-01 -2.479234635431815797e-02 -4.811653264208461400e-01
-8.845417546923822760e-01 -4.418560883223796587e-01 -1.494960916484671110e-01
9.177980982001323618e-01 -3.883746964876303442e-01 8.253330278355081040e-02
-2.995473654799176710e-01 9.201742400074760520e-01 -2.520927286946302859e-01
6.563538426083262989e-01 6.146212817892975355e-01 4.375389277138269639e-01
-5.848516316940476356e-01 -1.935033299551620067e-01 -7.877214166195265488e-01
-7.629242236899256291e-01 5.485022828797849748e-01 3.421869000747814193e-01
-4.511628024699942952e-01 -6.715312118175936762e-01 -5.877907427156494613e-01
1.837336686655628368e-02 -5.409469866382276004e-01 -8.408559787722318379e-01
2.409405145626528424e-02 -6.065058570331294252e-01 -7.947138617571308794e-01
-9.441954296518704215e-01 1.468221455804433195e-01 2.948529263746165752e-01
-1.132206976700946000e-01 8.296936664750146351e-01 -5.466164042821475277e-01
-3.081366272927579808e-01 -1.367054424424632153e-01 9.414687678979343222e-01
-2.063271337567970740e-03 -8.713560520425717160e-01 -4.906468928671315344e-01
-5.862004542235039750e-01 -7.549230089793278475e-01 -2.940412861857246152e-01
-2.789801281842253511e-01 7.126651713955257650e-01 -6.436446547265806117e-01
7.916990937340716572e-01 -5.955865900491136289e-01 1.359748459617393657e-01
1.550121574441481465e-01 5.667928640133315099e-01 8.091458955887224080e-01
6.194581596550944314e-01 -6.583738624245091264e-01 4.275692291465288952e-01
1.184317999523553516e-01 6.938777005169515233e-01 7.102870162725438696e-01
-7.590814107052995530e-01 4.997692775400294218e-01 4.171643335051183898e-01
-1.503914584058506088e-01 2.056785228436139867e-01 9.669947024050495887e-01
5.462773583521979281e-01 1.779887213839511373e-01 8.184748394494790746e-01
-3.925417756872416342e-01 -8.900553106005151260e-01 2.317595702708476479e-01
7.087283237412030923e-01 5.372373944940034285e-01 -4.572528240309500225e-01
-1.492848212619876658e-01 -3.072495741248130185e-01 -9.398466584187536998e-01
1.379174886556987500e-01 4.459637519243719317e-01 8.843614070573424524e-01
-7.365660343901958562e-01 6.101178687703382453e-01 -2.919360601053618276e-01
5.220076428490073583e-01 -5.027453411553139961e-01 6.890247765892385523e-01
3.371474756487293119e-03 4.132823079122316390e-01 -9.105967093750699792e-01
