1.683565053979791726e+00 1.752079282127735560e+00 9.029001105636624835e-01
-4.658878231008266591e-01 -1.122007751939814613e+00 -6.193538178698794194e-01
-2.431323734905131762e+00 -9.850398490225296122e-01 -7.819925724499573461e-01
3.953798255104378767e-01 -9.934503336127569195e-01 3.656242835016169090e-01
1.266359883529816432e+00 -1.109498532294622419e-01 6.847382632450027540e-01
2.384014482562390125e+00 1.389327261728949603e+00 -6.507367637851430020e-01
-8.335686836196182226e-01 -6.601162084274930786e-01 3.501119404971922977e-01
-2.127131489750118565e+00 -1.793921900849953621e+00 6.225290924197155462e-01
1.383149949022605574e+00 2.606882446213410809e+00 3.089099159773870951e-01
-1.903231831846957878e+00 -2.318988503485761576e+00 -5.522515416318657909e-04
-8.512454527395144632e-01 2.221197511929448254e+00 -9.255088572393900259e-01
2.035421684907379181e+00 2.139719703451195887e+00 3.023663017348502957e-01
-2.529127319544089758e+00 -4.978179340643085760e-01 -8.162806896356001873e-01
-1.205667357187195227e-01 -1.374413611421460457e+00 7.843580685304888389e-01
-2.814572831997423474e+00 -9.420930832434616375e-01 2.507320124299514674e-01
6.871583792300025584e-01 7.900300931862324072e-01 3.031582758125381805e-01
1.038700853505037713e+00 4.413400549101536563e-01 -4.905279595442416651e-01
-4.391044770526255081e-01 2.947325909901188368e+00 -1.997045240999184568e-01
-1.119617511877082805e+00 -3.306545623779018617e-01 5.539089064494000514e-01
7.943632966865476954e-04 -2.971392878533135828e+00 2.374777236868248487e-01
-2.392015539261722168e+00 -1.674606826739342580e+00 3.920604761731688592e-01
-2.415216675450236217e+00 -1.750497848190669670e+00 -1.842994214928450059e-01
-2.252153243509310343e+00 8.398208474521040579e-02 9.672780915384813216e-01
-1.588481757509601522e+00 -6.595179840028453366e-01 9.599862855805736395e-01
2.310133687381372702e+00 -1.257644404817591210e+00 7.763657083737557363e-01
-5.680012464166364072e-01 -2.929306080163979864e+00 1.789039739693925601e-01
5.821779139339130493e-01 -1.123569867631255326e+00 6.785445852635314523e-01
-4.004398603118921392e-04 1.004995829361787107e+00 9.983415833477224388e-02
-1.875388917439887670e+00 -1.233844279114907350e+00 9.695551341572813397e-01
2.390752949655462700e+00 -1.635114143705382439e+00 -4.431884288898262914e-01
-1.745713905924496379e+00 2.536729553832735018e-01 9.717648255497398635e-01
-9.740913442525593879e-01 2.656716416978169293e-01 -1.387382958486115814e-01
2.852086235391088298e+00 -2.115171654641776616e-02 -5.232737140900282080e-01
-2.429482437516445881e-01 1.340032079655724795e+00 -7.699346985797288490e-01
4.832335237179558735e-02 2.776498687586739234e+00 6.296003449632816551e-01
-2.934993286194489848e+00 1.161493773764927240e-01 3.485488023838550498e-01
-2.503942870802879916e+00 -1.633337828934323666e+00 1.440601977421492597e-01
-2.248886384729110177e-01 9.744105678911567647e-01 -7.131145707911808358e-03
-1.976000248012859561e+00 1.266615272519942659e+00 9.378271132255306952e-01
1.100488033926624309e+00 6.879003315732497292e-02 4.412909647595693041e-01
-1.673800655413396843e+00 9.309807714873076234e-01 9.964056049194354170e-01
2.150494424295280815e+00 -1.224983577063187168e+00 8.800309327292688000e-01
1.978914558540848523e+00 2.085799442698386130e+00 4.837967801589921346e-01
-9.424573586209898934e-01 1.565921842548837484e+00 9.850373335843861655e-01
-1.986784775748528381e-02 -1.165345297912601552e+00 -5.510301237911873207e-01
-6.714122928774546306e-01 2.766494497964730126e+00 -5.319069378040928164e-01
-9.650438952261939374e-01 2.743050523314358169e-01 -8.081819551922042599e-02
9.659771787988813418e-01 -3.893440655341414147e-01 -2.850577618618498343e-01
2.489271486686561730e-01 -2.989616832719486084e+00 -8.688408497148369242e-03
-1.037607548393549850e+00 2.810265162737520139e+00 -9.263425234234512473e-02
2.958531312663912782e+00 -2.718396832095265059e-01 -2.391045398227501229e-01
1.317852885513249861e+00 1.946643612466566198e-01 -7.442981902594333343e-01
9.816593611755846105e-01 -3.468500865519147380e-01 -2.838592359811749621e-01
-6.035019599056664630e-01 2.111375117824233261e+00 9.806173866918033166e-01
1.501789283421980592e+00 2.335943552834248038e+00 -6.294396238655333153e-01
-7.067526835996935652e-01 1.836195632732807503e+00 9.994722105767794851e-01
1.461436889928457328e+00 -8.300805244954641005e-01 9.476616021380417365e-01
1.251704009642611748e+00 -8.446125256370498047e-01 -8.717286208146644011e-01
1.656949461494692910e+00 1.097110753858244969e+00 9.999186222584683925e-01
-7.105321968200610794e-01 1.581302627812572359e+00 -9.638629648539303041e-01
-1.238629411228908905e+00 -2.308228234759624353e+00 7.849454136021130068e-01
-1.447564830128491131e+00 -1.757490822012811593e+00 -9.609022643556319743e-01
9.842895713140252800e-01 7.788077165130786739e-01 6.672167858269292262e-01
1.356421628188614337e+00 4.018042615847907117e-01 -8.108041127619524113e-01
2.551303381138021464e+00 -1.248633409526084925e+00 5.418677692349326280e-01
-1.216067360911110562e+00 1.051470294950076712e+00 -9.197988984210992980e-01
-1.369784804107784693e+00 2.043950569688429475e+00 -8.876613810982826314e-01
-2.601061863912465189e+00 7.969414793533956543e-01 -6.935469129278696299e-01
-1.853624686194441651e+00 3.690850810544685223e-01 -9.939330004805617680e-01
2.541721575325581739e+00 1.593049685887969247e+00 2.479208786932833239e-02
1.525620422071865878e+00 2.366646139099829682e+00 5.783837220564672643e-01
2.683316190757981889e+00 -6.376512901582118698e-01 -6.522079992954563643e-01
-4.078727561687504055e-01 1.010257434645556618e+00 -4.134787718850383431e-01
-2.779342866292938918e+00 1.360468071227657894e-01 -6.224361642572497910e-01
-1.528673660875863594e-01 2.382724250251810894e+00 -9.218180186527170639e-01
-2.549706968284976699e-02 1.414292793123936631e+00 -8.106887331717728129e-01
-5.882348064416455247e-02 -1.336585154831435140e+00 7.493968986796997189e-01
2.496626146880268848e+00 -1.495786758467878785e+00 4.136944117996032011e-01
-1.931936000508008178e+00 -2.231994553598608100e+00 -3.061652342653400360e-01
5.731574434599082668e-01 -1.199865155525579707e+00 7.421186765046283718e-01
1.199051095989814852e+00 2.244570751338648140e+00 8.385897112933394792e-01
-2.304717239616441926e+00 -1.027278033669331458e+00 8.521511026892309992e-01
7.114334460015772077e-01 -7.858185389120525555e-01 -3.412372379217730178e-01
-6.222853082935089208e-01 -1.429998555870210186e+00 8.977674959226091822e-01
6.104094505022169548e-01 -8.478292309493828949e-01 -2.956629022528902695e-01
2.500029368232104865e+00 -1.072147778223466741e+00 -6.937360360363776790e-01
-1.022624418046849115e+00 2.571458723703554217e+00 6.412426212607842402e-01
-7.452463370361724904e-01 1.657495509668076572e+00 9.831740346678548015e-01
2.065942253366252146e+00 -4.892994341542524772e-01 9.923949222799178793e-01
1.024022552418063281e+00 4.035267938170808977e-01 4.372533897333844566e-01
1.744093962462749614e+00 2.041005451212722921e+00 -7.288332588591854844e-01
2.215806080610357220e+00 -7.474119512044350433e-01 9.409787773537705569e-01
-1.440724421390554566e+00 -3.669185107876176688e-01 8.582171233860279580e-01
9.630684096405516259e-01 -5.270760187218135329e-01 -4.314560913767079287e-01
-2.253111836378015820e+00 1.765329303022863616e+00 5.063563689896799502e-01
-1.338074884663614794e+00 9.991528867772095923e-01 -9.439653237231381278e-01
1.297170366886224224e+00 -1.788984394242327136e+00 9.777491731906767791e-01
1.138275207422194457e+00 -6.560345924943327134e-01 -7.274062428773846456e-01
9.292956397109028988e-01 -2.123290026657153273e+00 9.481755512010985321e-01
1.065226626378854347e+00 3.587173263382568145e-01 -4.823190899469276260e-01
1.446491898805157161e+00 6.130660400628928919e-01 -9.033268250698444080e-01
8.441290012637823192e-01 -1.457827893157326749e+00 9.489527791594464246e-01
8.704006072846042219e-01 1.652706434485314180e+00 -9.912358725514845981e-01
4.741053560767665709e-01 -1.057291255352163617e+00 -5.406054393443536776e-01
9.860842416211880179e-01 -2.356253272289058065e-01 1.658254063507876852e-01
6.858157402540074887e-01 1.415645307073117865e+00 -9.042615102308892983e-01
-1.142610426603947182e+00 -2.111613920251867449e-01 5.456066010379945208e-01
8.451284859241110503e-01 -6.964089609256796098e-01 -4.256083044967986506e-01
1.003856624991751767e+00 4.138148639774858473e-01 4.052729046026539161e-01
9.653375486674062866e-01 -3.874351883288376652e-01 2.806298479815586000e-01
-4.134228352719520605e-01 -2.639326001976586955e+00 -7.409964244427229563e-01
-1.710305582639780331e-01 2.931255057872169889e+00 -3.513601000716652378e-01
1.157372815859028625e+00 -3.197449826448630628e-01 -6.009699728507107430e-01
-2.920722603181981625e-01 9.569405448240960732e-01 -3.226251057749855711e-02
1.567339314745067325e-01 -1.012622226125321490e+00 -2.207964761731014969e-01
-3.429508267532068722e-01 9.452276810358427594e-01 1.049270981239748268e-01
9.993127860318629097e-01 -7.659785230454149163e-01 6.716225132677056120e-01
-1.798942927597278141e+00 1.205981061723789161e+00 9.861634221473976059e-01
2.043861684409995050e+00 9.503563832601784611e-01 -9.672023634841635520e-01
1.393562069300885664e+00 -1.273544198859229759e+00 9.936898672455752868e-01
-1.089956618942786726e+00 1.187533006094386945e+00 -9.216196802505497443e-01
-1.123134855798362697e+00 -1.989168488892880671e-01 5.113270395903223298e-01
8.645864401944322042e-01 -1.756337531144231079e+00 9.991010784625871111e-01
2.692094808038022702e+00 -4.788599779383331256e-01 -6.787687476507426876e-01
-2.284464486730588106e+00 6.760736755543277354e-01 -9.239948119237815227e-01
2.165383413975596305e+00 -1.494376988812070151e+00 -7.758003102126250772e-01
2.170217115238915362e+00 2.067709403058877626e+00 -7.005574992289964609e-02
1.566919708787696264e+00 -2.462779313039054507e+00 3.942741719991834648e-01
1.263999966938962605e-02 -2.939702260286544799e+00 3.419189812271374307e-01
1.415601959648684183e+00 -2.529167244492383837e+00 4.392157935656497147e-01
-1.454921212436295574e+00 -1.824996939905356941e+00 -9.425841894945562460e-01
-2.286764111279107503e+00 1.821103019043119053e-01 -9.558041951318821949e-01
1.813232351004358645e+00 2.216680563957075023e+00 5.037947890011336138e-01
5.619651238415925842e-01 8.540857519376416906e-01 2.103931147366510934e-01
-1.634085654637482676e+00 1.178426644415128122e+00 -9.998922802270956423e-01
-2.824118580219527885e+00 4.578471162053398547e-01 5.086201207527504264e-01
-9.570473482531467457e-01 2.942849111481071200e-01 5.039847031173913527e-02
-1.676685787103549874e+00 1.948679676807376915e-01 9.500728362889604428e-01
-5.912400460555052861e-01 -1.853303586474343900e+00 9.985043388733928493e-01
-2.155250018941435641e+00 -1.740186543392832963e+00 6.379454449227004442e-01
5.744538128755299206e-02 -9.994857808107799890e-01 4.763633349120774407e-02
8.673225310096238649e-01 -5.022081822438588805e-01 6.671957032706454793e-02
-1.198631617233517410e+00 -2.750024973311768317e+00 -1.466139175020256084e-02
-1.039716559043057487e+00 2.701278323021319760e+00 -4.471423009572230156e-01
-1.789825817097574490e+00 2.407562654807520630e+00 -7.429807164103064548e-03
1.260784441370504716e+00 -1.961595381825405715e+00 9.433389988640018542e-01
-8.669668866491487824e-01 -1.162006569281751389e+00 8.350262762843434494e-01
-2.568855405798231573e+00 -5.189458735090126673e-01 7.840097249122791601e-01
3.963441424667627500e-01 2.527818909078218823e+00 8.293683228910283534e-01
5.268983096257711107e-01 1.378545823616893928e+00 8.516003525403126329e-01
2.325974534165807128e+00 1.738763765763088553e+00 -4.274447182225233344e-01
-1.050564276935656904e+00 -1.148239974936758195e-01 3.322840376853906097e-01
1.064797349071252563e+00 -1.411976601907530826e+00 -9.728267669893692071e-01
-1.879672715601478528e+00 1.881779057794095156e+00 -7.514864950545288025e-01
5.490383368763467331e-01 2.617549591914623885e+00 7.382648190635329177e-01
-1.923138016694709851e+00 -1.186274805487621542e+00 9.657212526822663845e-01
2.427511167119719371e+00 1.198327027282467983e+00 7.070382509527949333e-01
-8.117578274360200963e-01 -1.762278002075539085e+00 -9.982134415960387530e-01
-1.014211296788878558e+00 4.737249558849715436e-01 -4.738466863201216683e-01
-1.749467371363174761e+00 3.775884888197843514e-01 -9.776479006867092592e-01
-9.802461290491625290e-01 3.825128285831964625e-01 -3.189695015118722554e-01
1.032314281450113919e-01 2.998123341981350443e+00 -1.413834654583608075e-02
1.672093316822813813e+00 -1.625214684215890104e+00 -9.433552158506133267e-01
1.113587243057654552e+00 2.784387939019504099e+00 -4.866364060161244842e-02
-1.010702127358417357e+00 -1.428336228667048013e+00 -9.681840671351934491e-01
-3.748633925837326908e-01 9.783595559238427164e-01 3.052150785055014470e-01
-9.312308891119970289e-01 3.738663847383726924e-01 8.332380699053858197e-02
-9.082295734868063297e-01 5.624819304077323112e-01 -3.632311188629313570e-01
-2.744285488965104935e+00 -1.211874675792654177e+00 -9.254216348952234300e-03
8.857417988091744743e-01 6.601307462814975935e-01 -4.454173479291799742e-01
-8.795536404836580280e-01 -8.061247714095441941e-01 5.906675373864569423e-01
8.060980739787049210e-01 -6.740222435185921901e-01 -3.145577770572025034e-01
1.603795993104125239e+00 -1.817883236588967888e+00 9.055573778394104822e-01
-5.352553072947311419e-01 -1.588173903882882820e+00 9.460385443330376898e-01
-2.897731613972768017e+00 -7.108347523492621889e-01 -1.801207410010132737e-01
-1.269755052214631030e+00 4.353360312238738206e-01 -7.532884441310846446e-01
1.028925208636870758e+00 -2.204225840081354360e+00 9.016100326839592283e-01
-5.485086584265070897e-01 -9.114443960687441670e-01 3.513702967307568148e-01
1.474158864829049120e+00 -2.571259924333820557e+00 2.663751775145861700e-01
2.436862358194892497e+00 -1.745645523510694463e+00 -6.931086127720151313e-02
2.611311884730022292e+00 -6.532030000436719330e-01 7.221182267228909435e-01
2.391306449414344115e+00 -1.048955792785660979e+00 -7.914334020230632261e-01
-9.530646633413236701e-01 8.057674994460276574e-01 6.592040176381327443e-01
-2.112388558510221337e+00 7.840021926539965103e-01 9.674177519405612324e-01
2.510301140329597169e-01 2.814829174935702838e+00 -5.636692341955298335e-01
1.412796553182892323e-01 1.006189293872333357e+00 -1.784965637978998543e-01
1.949970325520831826e+00 -1.816501032844131780e+00 -7.468708749409591618e-01
-1.437670044446383688e+00 -1.135666329787438311e+00 9.858060196930112928e-01
2.397536692988908591e+00 -9.500032825309545625e-01 8.154036092243845957e-01
1.639150698376656390e+00 1.615464543164172539e+00 9.534910109429141079e-01
1.685603962529711675e+00 9.380265095868601799e-01 9.974784082173392408e-01
-2.486169279220574957e+00 1.027502849633115556e+00 -7.236853509240752658e-01
-1.015665425251472298e+00 2.299123171290785306e-01 -2.846299544855711017e-01
3.934157738869643040e-01 -9.288397214393829815e-01 1.317841713288327166e-01
1.312588931101775325e+00 3.776462867835778670e-01 -7.731980970540595077e-01
-8.440884487302083850e-01 5.371235911322602696e-01 -3.140978391718540069e-02
-2.101806106649809269e+00 1.263665100992947377e+00 -8.917972819867013845e-01
-1.898371947259748005e+00 -7.016638704511485303e-01 9.997144898673988589e-01
8.421213446475382947e-01 -2.681019897445891420e+00 -5.861997595755827906e-01
-3.073416941973761696e-01 1.178975311869173481e+00 6.237507238487598471e-01
-5.597801373081774390e-01 1.033667885678853482e+00 5.658761144622241890e-01
1.288203811049893899e-01 2.879334123373827659e+00 4.708479609292189338e-01
1.171178437262223815e+00 1.862586191201064112e-01 -5.807202160700193350e-01
9.635743393093842979e-01 4.564648081171618355e-01 -3.578605068389664745e-01
1.274678322441954226e+00 -2.053476109636064528e+00 9.089368583465665674e-01
4.304912415166166073e-01 1.368103931546604368e+00 -8.245667805231844394e-01
5.978259856466380251e-01 1.313955918588968430e+00 -8.308902508899079775e-01
9.183449828147240979e-01 2.313140210144054354e+00 -8.724127912381888228e-01
-4.575210077881447512e-01 -1.397241666114451997e+00 -8.481484631667559615e-01
1.299452854585514849e+00 1.035734577595956107e+00 -9.410466378674641197e-01
-1.520642416854864898e+00 1.016153429558416033e+00 9.852558489521551222e-01
-2.591067718701113076e+00 -5.601154682322687650e-01 7.591488527265615183e-01
-9.235374999773496851e-01 1.165740081674585094e+00 8.585297104881851604e-01
-2.434692651253522300e+00 -2.808647864423759466e-01 -8.926051280132129007e-01
-1.312998801888839440e+00 -5.026526500272815445e-01 8.044097699957604153e-01
1.333448898013515072e+00 -2.004038824722689682e+00 9.133718206444344512e-01
-1.310934395671443931e-02 1.252314743112553197e+00 6.641305246796742612e-01
7.077313541828753607e-01 9.644790613997289430e-01 -5.950176865538551185e-01
-1.623296157406638018e+00 1.092230957853927098e+00 9.990552802155855394e-01
1.756656492553616555e+00 -1.598666618734146061e+00 -9.269437155828516017e-01
-5.216954115067481412e-01 -8.564550615449454396e-01 -7.526806432272048486e-02
-4.924126900043601651e-01 2.426579044836739474e+00 -8.794255920902953605e-01
-1.017004220391617419e+00 -1.600462657159438029e+00 9.946037987730385055e-01
1.391265311254326953e+00 1.058857025329957624e+00 -9.678234866384778368e-01
-1.847156956365284819e-01 2.703144155427074313e+00 7.047578315573816976e-01
1.295164362136683733e+00 1.129538330112333622e+00 9.595668024712143973e-01
4.146343601216908037e-01 2.028786884117870226e+00 9.974959228887477769e-01
-1.386475372122908833e+00 -1.388018805957986178e-02 -7.897295595305713345e-01
1.073085093847570448e+00 -7.287253699485068958e-01 -7.113206305917658678e-01
-1.373713192774940639e+00 -1.129763774556711287e-01 -7.832959685319619281e-01
-1.666500656083533372e+00 3.629248518214968633e-01 -9.556703259845578113e-01
2.999366350940946835e-01 -1.100105238581901679e+00 -5.107324398102742746e-01
2.070246263963686939e+00 -2.141799379297117945e+00 2.048386240638878919e-01
-5.067774692160066374e-01 -1.139840172940366436e+00 -6.585019145628303594e-01
-8.888693855267798538e-01 -6.382319097450066536e-01 4.238570019998800231e-01
-1.338270997254778827e+00 1.216594753394276252e+00 -9.815141728463739890e-01
-1.192146886870512068e+00 5.576147373737765783e-02 -5.911662452871091489e-01
-1.075096216467872567e+00 1.757048342934413310e-01 -4.131995066463763910e-01
-2.354582762818807351e-01 -9.767281092112075624e-01 -9.692299248658614585e-02
-1.017852356542769954e+00 -1.268411343704490379e+00 9.275544656500344098e-01
6.470022874635079635e-01 7.638061378805404145e-01 4.483028728601569368e-02
-1.114952519892661087e+00 -2.854607734332364477e-01 5.282573907478511632e-01
1.683665157910862575e+00 -4.574946940505464354e-01 -9.668657975244483449e-01
2.202810752557503360e+00 -1.535899984361144943e+00 -7.281683765966753263e-01
6.060035881415894998e-01 2.898886922717633485e+00 2.746255911647429993e-01
-1.155390911004606336e+00 -2.303051925416168821e-01 -5.696618244595086367e-01
2.734438724733355142e-01 1.050043004492054344e+00 -4.035968426812690524e-01
1.463760297071940553e+00 -1.184773155967064451e+00 9.931504403770312628e-01
2.708349006024367789e+00 -9.589475537524573268e-01 4.875314627102271259e-01
-7.871918936382055199e-01 2.887127402187513514e+00 -1.220824641322929283e-01
1.425819446353194353e+00 4.586171069194985295e-01 -8.647293812136631619e-01
1.094829850699667206e+00 4.877289661224726292e-01 5.980672871054063533e-01
5.770078922555369472e-01 -2.152461868156327895e+00 -9.735534987342238100e-01
-2.341102169438746550e-01 -2.731557239924630842e+00 -6.708741918569315343e-01
1.080849969922961673e+00 -3.287812564475299792e-01 4.926093213490259082e-01
1.171276467762604634e+00 8.943149927773596727e-03 5.597087582205066969e-01
2.434674902306963595e+00 1.374278574077725468e+00 -6.056098727551373351e-01
-1.102024990103446012e+00 7.558961726338406240e-02 -4.452915262005437413e-01
2.506809648063103690e+00 1.647592476394736494e+00 2.116852760547068696e-02
1.134276696255942074e+00 1.516745878002845993e+00 9.943623491509773205e-01
-1.218042268140891338e+00 -6.552597827350236104e-01 7.870491195345070690e-01
-6.752621529022817537e-01 7.515653229134775515e-01 -1.435782291555336987e-01
2.501127510509996377e+00 -8.154968003609368576e-01 -7.760126321882393485e-01
1.151505516519175876e+00 9.942913224709566400e-01 -8.780191193193633836e-01
-1.026063946430805451e+00 -9.968854415345184128e-01 8.220536933982178773e-01
-8.066437563285522305e-01 6.729453700873039290e-01 3.137373168042654203e-01
1.356096408190856195e+00 -1.999482388336606187e+00 9.093767984022481654e-01
6.927887099606621080e-01 8.501598016512242895e-01 -4.289873677174841360e-01
-1.251669267945213049e+00 -1.210800866850556101e+00 -9.660029937959491164e-01
-7.730167870136397390e-01 -2.126243046970788253e+00 9.649585485356755310e-01
1.101536054078048110e+00 2.378313684766747205e+00 7.837929310125921756e-01
1.315767450386477799e+00 -4.752027170904745690e-01 -7.992115575685080353e-01
-1.123989687601801180e+00 6.352940821586642306e-01 7.053137435656567922e-01
-7.474566400231698049e-01 2.896061480326102444e+00 -1.341307347805475170e-01
-1.665844129943658825e-01 2.734133241690812177e+00 6.734823077604843444e-01
1.148818316131525963e+00 1.384848357874495228e+00 -9.796588980620298814e-01
-1.865743653827927506e+00 -2.289082909217079020e+00 3.026020595734578711e-01
-1.849360330791008256e+00 -1.278908641046690442e-01 9.892516752093153398e-01
9.870815865604306572e-01 1.716495067978711375e-01 6.153397096205103639e-02
9.031147287890907149e-01 4.336827077659233809e-01 -6.074605684646323250e-02
2.385203291811486714e+00 5.641094795058431144e-01 -8.925225836080579178e-01
-2.999588203871590419e-01 -2.665540298726033708e+00 7.310119134839858646e-01
1.984917644562601780e+00 3.011816488285438131e-01 -9.999708336625315885e-01
-1.727548949699492464e+00 6.703408037455327317e-01 -9.891434350511689733e-01
-8.103895148243556168e-01 -8.677714640048584949e-01 -5.827276756536731162e-01
7.327135648051156247e-01 6.805534202229629459e-01 4.703783776888456787e-03
3.432509793388086594e-01 1.016393542090853641e+00 -3.745403552673028935e-01
-2.560939917608565430e+00 1.233908835916327495e+00 5.383831511331416131e-01
-1.004295905558004742e+00 4.628975731850231701e-01 4.477496769390574283e-01
2.143814189241638246e+00 -1.685122498868743435e+00 -6.868222070254129674e-01
-1.080367385101655309e+00 4.462717613991094012e-01 5.561389555792989325e-01
-1.242719488266337935e+00 -1.551440399483090982e+00 -9.999254857466877144e-01
1.114352488092579918e+00 2.781256507470813766e+00 8.718137633113356988e-02
-1.518130743197191601e-01 -2.563508722614757485e+00 -8.230285293268865265e-01
2.300226487258889563e+00 -2.185093197427635803e-01 9.505466589019219148e-01
-1.639677069739249982e+00 -2.511163577410996606e+00 -4.287541341079492002e-02
-9.507610259131038521e-01 1.858596162353750358e+00 -9.961504116470432102e-01
2.518995426816566408e+00 1.592911939773253183e+00 1.970822576357028899e-01
2.199631037246560172e+00 -1.805623869677166038e+00 -5.334787606034316898e-01
-1.707191717746815218e+00 -4.632204987972426968e-02 -9.563633575848999868e-01
2.374202533810114701e+00 8.038263823669622443e-01 8.621893019283951576e-01
2.935202101081684223e+00 8.541646772847376334e-02 -3.508152861293377667e-01
-2.330262270422271409e-01 -1.047166890524053873e+00 3.745203380866746756e-01
1.243792301294125213e+00 7.343811854237812797e-01 -8.314598196213884851e-01
8.670286084728711096e-01 1.328833864349444616e+00 -9.105836438046415182e-01
-3.985373749355430872e-01 1.173858078449880216e+00 6.495337331802888414e-01
-9.972288506603704805e-01 7.772477602962568621e-02 2.250318085901882939e-02
-9.052922402189846895e-01 -4.932910990722791933e-01 2.469259140668373931e-01
1.058648379160737063e+00 -1.957530343118067062e+00 -9.742529857141127847e-01
8.585130690238507167e-01 2.255135962944002870e+00 -9.107203218680902657e-01
-2.571644576307942631e-01 2.198607788151362374e+00 -9.769219550612816549e-01
1.069547329155036142e+00 -9.411070754886026457e-02 3.767371610227528977e-01
5.565265666781810117e-01 -1.438720197643039267e+00 -8.892648762525471318e-01
-1.875250894310579008e+00 4.372059281936875319e-01 9.972242075743344980e-01
-1.546481542873458404e+00 1.489168711446790638e+00 9.891496534117431016e-01
2.221281265751566814e+00 1.334075347181926219e+00 -8.065914549212731544e-01
-2.871298263063390976e+00 5.029982115367744866e-01 4.034009622811830509e-01
1.621088246201150662e+00 1.497144900742102713e+00 9.784117852207997457e-01
2.040217512035789049e+00 4.897824852095224446e-01 9.951683187110907935e-01
-2.624623653878228602e+00 -3.111143504593150144e-01 -7.658673733063204869e-01
6.235458437864960235e-01 -1.518716955979446004e+00 -9.336219021715554955e-01
5.026520424877091164e-01 8.667111196048080668e-01 -6.196655739338609997e-02
3.895719648426246851e-01 2.596955654905411137e+00 7.798125119665528793e-01
3.723276582373886145e-01 -9.929641647298108609e-01 3.424783763653593827e-01
1.980815000944449844e+00 -1.148001294218154333e+00 -9.571961900981665883e-01
-1.111940443138043522e+00 -2.157301838266329597e+00 -9.042483389378230818e-01
9.432886761032753531e-02 -1.148113708762694696e+00 -5.299677690235782279e-01
1.883290399092945488e+00 -3.298507509305227403e-01 -9.961167830345888374e-01
-1.728843529686847624e+00 -7.289982942066526306e-01 9.923142379414763292e-01
1.932181645881636767e+00 -8.072624076999157516e-01 -9.955685328348065077e-01
-1.632005307775378444e+00 -2.348281487620625274e+00 5.108042351134312042e-01
-7.574063911319700582e-01 8.857575243854023395e-01 5.509043468391831011e-01
1.668689365981628647e+00 -2.413210407560732573e+00 3.573831733610259853e-01
4.737447664209662457e-01 8.817542421934586594e-01 -4.384970905194947310e-02
2.654361417208135343e+00 -6.622582789529156688e-01 6.772745739460049874e-01
9.539697164375404714e-01 -6.324416379609117955e-01 -5.179185601857266841e-01
4.139260724381452206e-01 9.103657904899052911e-01 -1.003298917662099471e-02
-1.049053595201943745e+00 -7.925420376502787523e-01 7.283325316522101245e-01
1.501593525687349995e-01 -2.888981091541777957e+00 -4.502930136589453070e-01
1.752185927733100668e+00 2.402933303622219796e+00 2.268600513264237284e-01
2.827101289183062138e-01 -2.401105121733524861e+00 9.085890418234265908e-01
-2.655525460304323904e+00 1.393353920289410075e+00 -4.742309828676414402e-02
-2.126569516592701437e+00 1.722666437298675080e+00 6.761499155655248394e-01
-1.778677114177279694e+00 -1.190596520469657804e+00 9.900981701232950405e-01
-9.210620685058797941e-01 -1.867721131782293487e+00 -9.965924297050748892e-01
-7.812696060972443846e-01 2.684151851072676731e+00 -6.058988486343305224e-01
7.916197651605164642e-01 -6.129459142976551034e-01 4.859788274447338075e-02
-3.578429418754142111e-01 2.978274740337886861e+00 2.468342461940576521e-02
1.081944367459021922e-01 -1.108744949275360936e+00 4.637070197422040185e-01
1.760381929946107871e+00 -1.758742019407362189e+00 8.726217303758683208e-01
-9.552338129915143305e-01 -2.816493510235460906e+00 2.262360128055914410e-01
-1.848745535157645947e-01 1.647919813555509538e+00 -9.397936694885252740e-01
6.116486057410936983e-01 1.499812625561685042e+00 9.248789029364500314e-01
-2.666087838063156745e+00 6.997218098822687304e-01 -6.541315805430818475e-01
-2.766531372833993974e+00 -1.842165931835960113e-01 -6.348226811850788964e-01
-4.170838168670860657e-01 -1.839301226983806270e+00 9.934805036971108283e-01
2.000702065677222308e+00 -7.682838547595322032e-01 -9.897017830864921484e-01
-1.243750072164169440e+00 2.000460222717264092e+00 9.346459939803980488e-01
-1.370968362507692051e+00 4.290161245832841419e-01 8.261343049058412769e-01
5.832572032192498979e-01 8.805673788320261819e-01 -3.305568953798825316e-01
5.703322145348288519e-02 1.907195821703705496e+00 9.957634774206975958e-01
9.998497712962015616e-01 -1.731523060021171179e-01 -1.710181721331116844e-01
-5.697155066182070238e-01 -1.687261265264341947e+00 9.756911549798602534e-01
2.072152991085923990e+00 -7.445276751323648412e-01 -9.794166320563012507e-01
-2.863904032308661751e+00 8.444116699114480040e-01 1.679475261354192728e-01
7.465244040338191445e-01 7.240021877724223121e-01 2.797985756808679669e-01
-1.980500421285052992e+00 1.698303473079669335e+00 7.932091235951592711e-01
-2.735848536909072148e+00 -8.873388596876314871e-01 -4.820389920600600675e-01
-2.299027816264598734e+00 -7.310257525811634238e-01 9.109790623990589031e-01
1.967026827719788873e+00 -1.904890068350298282e+00 6.745696310100233184e-01
1.930109278770125281e+00 -2.204626414693132475e+00 3.672141540531874138e-01
7.027436031101378378e-01 -8.508440434139695752e-01 -4.431096559049901851e-01
2.488280534063033400e+00 -1.839220562693077710e-01 -8.688538871820843390e-01
9.173308538070722440e-01 -4.079050060708575565e-01 8.860838070265594779e-02
3.308221885445125632e-01 1.074423742224221767e+00 4.826774508664459229e-01
5.696686766725888029e-01 1.214660904908392292e+00 7.526789572776775294e-01
6.543738895556988622e-01 -1.019745424644225462e+00 6.152218287143544906e-01
-9.861002708020257801e-01 2.274732171034770545e+00 -8.776652617762303876e-01
7.506823165912381857e-01 -8.637849452859518440e-01 -5.176353988623595415e-01
-7.624240191982163406e-01 2.703097663794342687e+00 -5.884093116346631458e-01
1.266703070695504252e+00 -1.123204975117734206e+00 -9.516978037920095224e-01
-1.429761610814998418e+00 2.542142163576212699e+00 -3.997467464971985462e-01
-5.723148670160242979e-01 1.112641547013466514e+00 -6.628023731350272119e-01
2.047750071338515776e-01 -1.035969454188176986e+00 -3.299854284085420586e-01
1.421315466022386564e+00 -1.202416582848524707e+00 -9.903909977795986030e-01
-6.454793148818852577e-01 -9.739496556289544138e-01 5.554153580168660342e-01
-4.627550655779720246e-01 2.288529803642449068e+00 -9.422724814521764580e-01
2.364941382195553832e+00 -1.664821174072558030e+00 -4.517236904028998357e-01
-1.918365793360236327e-01 2.513937495451216808e+00 -8.534062773853045014e-01
3.004048791400456553e-01 -1.018313634001001722e+00 -3.458209092376433591e-01
6.709402499781598195e-01 -2.014829165213549267e+00 -9.923315228475867444e-01
-2.754674707626776353e+00 -1.421119634966182821e-01 -6.518615410871112514e-01
-1.579788054471662262e+00 -8.722851819804047224e-01 9.807253186431565961e-01
5.825264054635405087e-01 -1.029530346819059305e+00 5.765063454670660281e-01
3.888474846613146907e-01 1.367568240846463334e+00 8.158776258893337685e-01
1.851902017843268355e+00 2.436344874212179046e-01 -9.912309869761387615e-01
1.730014250854500779e-01 1.552544527043376643e+00 -8.990498133450935958e-01
1.035832578041623986e+00 -8.297798690360446150e-01 -7.398326068028772129e-01
4.656002690186000770e-01 9.891411376966970925e-01 4.216570670548384636e-01
2.386357212644675194e-02 1.722335830758332964e+00 -9.607259670561865139e-01
-1.383753073400622036e+00 2.214206641336022297e-01 8.010154839353383904e-01
5.529900767622992763e-01 -2.506338534318359290e+00 -8.239802172362383770e-01
2.982819753850043387e+00 -3.202736710919296126e-01 8.388269024855314268e-03
9.036155752918347828e-01 1.049344987272858409e+00 -7.883640278179602223e-01
1.195471812902509923e+00 4.551284640141473048e-01 -6.931195806950681826e-01
5.540981118128774918e-01 2.628542972001362443e+00 7.273088832407119675e-01
-2.149645462968637677e+00 7.575211312319994894e-01 -9.602290653310741053e-01
-2.737138427695005927e+00 -1.223756193332881992e+00 -5.912665877943238529e-02
2.571266934882696642e+00 4.103395883551947954e-01 -7.971332605368743884e-01
1.745722394097820249e-02 2.647193828848638297e+00 -7.622766151919321276e-01
8.982887960697462093e-01 1.221567665650635348e+00 -8.752310596982990631e-01
-2.502696321176402616e+00 1.628487304118739765e+00 -1.674726744985164661e-01
-1.300833738743640611e+00 2.617778154271217517e+00 -3.843886243422264815e-01
9.555694082070869122e-01 -3.600782673041263426e-01 2.046306400198769915e-01
-7.657036189756811773e-01 -8.058713946938854678e-01 -4.591364928872238016e-01
-5.205458348661732293e-01 2.900320056368714816e+00 -3.222245540847393230e-01
9.638833392706602776e-01 1.442755399293373486e+00 -9.642792314520811647e-01
2.678058006761306231e+00 -1.351937615085432975e+00 9.486715075881443221e-03
2.221279125919587205e+00 1.130312082171279320e+00 8.704111728789752922e-01
1.683789303513385738e+00 -1.381921851961093184e+00 -9.839818490514489202e-01
5.280947861170646185e-01 1.330215046249966004e+00 8.224813641769019856e-01
-4.916518935377096611e-01 1.127155069093233708e+00 6.377003536076764068e-01
7.729006242513543068e-01 -2.211197299269995309e+00 9.395596360085420873e-01
1.000930376364478791e+00 9.033819116558666762e-01 -7.584920040296012633e-01
-2.930199161154606990e+00 4.060107720593215674e-01 -2.861192346596796443e-01
1.162100044488479700e+00 -2.678790253444862213e+00 -3.919208769543071624e-01
2.355354947463635717e+00 -5.514457943417845343e-01 -9.079644474292406509e-01
8.659567478524046180e-01 1.088935283009023314e+00 -7.933854318429927055e-01
4.203167239490668838e-01 2.951726966065976843e+00 -1.914483983311054405e-01
5.775047326027017425e-01 -1.283868720237885563e+00 -8.057726820588140271e-01
-8.409414412656568416e-01 1.401381476316873931e+00 9.307467317373933069e-01
1.624434660922889906e+00 -1.166024887987413994e+00 -9.999999201846284658e-01
-6.007078477769944858e-01 1.126836236692022153e+00 6.907991907164714451e-01
8.844010127757139239e-01 -1.668033566448719140e+00 9.937069269858340714e-01
-1.718771598874520024e+00 1.793988692464854595e-01 9.623279764500547451e-01
1.352818971232421896e+00 -8.081692866069823955e-01 -9.055850445013136074e-01
6.429185996432140726e-02 -2.336884654404563832e+00 9.412290818035686790e-01
-5.315665062966182242e-02 -1.996884898698508382e+00 -9.999971014446537021e-01
-2.100215228474892726e+00 4.188917022996877515e-01 9.899265044898006849e-01
-1.161759982760776522e+00 -2.475225108522127737e+00 -6.788193380301038582e-01
1.527621179213424496e-01 -1.516865127396999080e+00 -8.797362536203111594e-01
5.580950836529533499e-01 -2.364882537556354247e+00 9.029033985145135111e-01
-4.901518147652807467e-01 -9.883498503805832058e-01 4.424673873847631556e-01
-5.500334576053620417e-01 -1.896377144098154943e+00 -9.996756795439722953e-01
1.327646991108113905e+00 -2.631015803870875747e+00 3.211926964703165077e-01
9.303392893877893144e-01 3.929722283269401761e-01 1.405743949667496440e-01
8.312788593230124867e-01 5.641767499034301414e-01 9.631571832669304223e-02
-2.462832604042037854e+00 -1.478595057897401421e+00 -4.884488669412984652e-01
1.868270482350430806e+00 -2.604480496591388694e-01 -9.935193771706113397e-01
1.188652503423574203e+00 1.840073824318958495e+00 9.816660967683800143e-01
-1.183084371434984128e+00 8.956029067728995541e-01 8.564946271593619764e-01
2.436307798201946540e+00 1.750393389739522743e+00 -1.325742722062049801e-02
2.200240673380626788e+00 1.296229780536539700e+00 -8.327309385695971233e-01
8.526016808451775120e-01 -1.626215083188767396e+00 -9.864879014486888087e-01
7.232689076876966938e-01 -7.870917475811567421e-01 -3.648644463967962159e-01
-5.032919210165679447e-01 1.112125572695086495e+00 6.266599704044075736e-01
4.634926714205320764e-01 -9.132113721501227133e-01 2.182174668608584944e-01
-9.225543753632625688e-01 1.164443431563203513e+00 8.575559680973771082e-01
-1.775816244586932324e+00 1.088521348547927259e+00 9.965592755298476879e-01
-2.328952641259656620e+00 -1.694942952381034207e+00 4.741841907304050752e-01
-1.081353536718819619e+00 3.162537839162587461e-01 -4.870945482661004911e-01
7.730920638339376927e-01 2.208077780771148024e+00 9.406046217373652540e-01
1.019124902099744823e+00 1.827982714885657486e-02 1.954625290566862350e-01
7.077494514365775258e-01 -2.387480768583469359e+00 -8.716237956219550220e-01
9.547973422099781393e-01 1.187607132632289231e+00 -8.793516107890593236e-01
-7.093702900672981260e-01 -8.452773684107560692e-01 4.430325368568144850e-01
-1.881525423392786500e+00 2.179724990156785003e-01 9.943777719960681383e-01
1.081459925818349266e+00 -6.502973092497057322e-03 -3.953733038149740420e-01
1.932179310693859842e+00 -8.326840263929442820e-02 -9.978178187682227307e-01
1.493671504363235591e+00 2.098280054896114688e+00 -8.177152200993297315e-01
-5.570133674830208825e-01 -2.582164645375333745e+00 7.670730279521829065e-01
1.392584829822075321e+00 1.211993873646673325e+00 -9.880921837051724888e-01
1.511413629928220148e+00 2.458266228149607269e+00 4.641986751325837268e-01
-1.827066320716739467e+00 1.853760566328135573e+00 -7.978877174474395817e-01
-2.696487280965659816e-01 2.349835456280247037e+00 -9.309070173361634337e-01
1.765861711808127232e+00 -8.527061147291170595e-01 9.992377599972930291e-01
1.595386626532124819e-02 1.191773111991994982e+00 -5.890177337003243974e-01
-1.138642459718683941e+00 -2.716822561641234923e+00 3.248021605133057377e-01
1.178419346082639541e+00 -2.584133993886936764e+00 -5.423626616714570803e-01
-3.824635575094473272e-01 9.475480188763018008e-01 -2.077811107073867236e-01
1.932003268503777571e+00 6.308399750756924496e-01 9.994754131934613373e-01
2.283026132056986679e+00 1.494608016632235303e+00 -6.847827942887161345e-01
8.714290264584204637e-01 2.669409104088309892e+00 5.891166659877276057e-01
-4.378901788955652519e-01 -9.093503718425092197e-01 -1.359900975932724632e-01
-1.668478437212265408e+00 1.989052353338705670e+00 -8.028509480169311319e-01
2.584763952948204935e+00 -4.923462314010471630e-01 -7.755897917306341371e-01
1.387678374458271913e+00 -1.160535500114044799e-01 7.943371004703416727e-01
2.100575265132726410e-01 1.236944153486479347e+00 -6.666771004453280192e-01
1.123019182280802442e+00 -2.043088227077607399e+00 -9.434936922557148886e-01
-6.646079351716337458e-01 -8.832345131147523176e-01 4.467752089920796754e-01
2.306404384864505719e+00 -1.827007483963671630e+00 -3.346125892717982664e-01
-2.242929468654733860e+00 -1.102976118569145347e+00 8.663382600645093135e-01
5.891923113691459601e-01 -2.927548603275096362e+00 1.652608691577698574e-01
1.868408285085154663e+00 2.002217114998805059e+00 6.741653469554157452e-01
1.617828763886436150e+00 4.445997774220035725e-01 9.466742623067743168e-01
-2.653250015002045270e+00 -1.001160643647025505e+00 -5.489543969294679027e-01
1.199579382302752517e+00 5.141744845511216910e-01 -7.191360301015784495e-01
-1.026481471940444479e+00 2.364429774177833898e-01 -3.222959684642690004e-01
-4.761476966653277465e-01 1.226889972729806155e+00 7.295246243730580948e-01
-9.023215227189420595e-01 -2.770515389092617742e+00 4.062766948409854417e-01
1.712568352139506311e+00 1.772896690490906035e+00 8.853290001391660446e-01
6.202833211502033484e-01 7.933811268543194961e-01 -1.187637573443380973e-01
2.151480629095045560e-01 -9.885467274979222729e-01 -1.524469949822624959e-01
-1.252504274272257190e+00 -9.878555589338546827e-01 -9.144000489171828505e-01
-1.081391777431628620e+00 -5.396659587799933211e-02 -3.982832790376957810e-01
-4.448241711453241876e-01 -2.647439500398097945e+00 -7.289666532067650140e-01
-1.860154913471091520e+00 8.340037783330436216e-01 9.992561756128512940e-01
-1.593884185839097078e+00 -1.359693896842952610e+00 -9.954725044401873113e-01
9.887773647700811575e-01 7.242530715561974475e-01 6.327601477935624885e-01
1.887603861845796871e+00 -1.611954372463336727e+00 8.760469259290628585e-01
4.864189068509712222e-01 2.958215656529242565e+00 6.415680769587593646e-02
3.039972255564047932e-01 -1.138816642780368760e+00 -5.704867568851504922e-01
-1.496556273626805877e+00 -2.609555930911223176e-01 8.767959736596422360e-01
2.869095507573775627e-01 1.979660028429928609e+00 9.999999412782645258e-01
-2.013005846712550451e+00 -3.312920744519385896e-01 9.991962717251519077e-01
4.647945756829726105e-01 1.183752169024316681e+00 -6.852928165423284312e-01
1.025251357818852460e+00 3.249008974792554905e-01 3.811828210075772772e-01
1.503260378833222832e+00 1.066544918643237860e+00 9.876270851804939133e-01
8.877690045392477858e-01 4.922142796835055623e-01 1.730700920965011491e-01
2.728828372725751183e+00 -8.215986293635554327e-01 -5.270575838838262861e-01
-2.028279002031465605e+00 -1.226551262113464213e+00 -9.289104007417484654e-01
-5.850077445647006852e-02 -2.790083299910262493e+00 -6.122082868915940113e-01
-1.049044138918255653e+00 1.750667168278663144e-01 -3.508052941548549519e-01
1.368919755449299336e+00 5.893083258498144072e-01 -8.603982106851703060e-01
-1.020641765627938291e+00 -5.189818793802863928e-01 -5.186472940483881633e-01
2.023941767828168370e+00 2.104981257553157903e-01 9.993922524528441320e-01
2.789145853736483716e+00 4.911184100828175358e-01 5.546941008237394888e-01
2.551592346116107191e-01 2.965307380979257612e+00 2.165788638426364432e-01
-9.062687873248974624e-01 -6.549180213184668808e-01 -4.715144057298570890e-01
8.644387206278121294e-01 -6.815458883271453550e-01 4.375364004520695405e-01
2.282357033643804822e-01 -1.138768272945973603e+00 5.447707181402283716e-01
-4.060818277775552487e-01 1.433777911386711956e+00 8.602781387519208289e-01
-2.155680743322563042e-01 2.852528816524575905e+00 5.091757745324603235e-01
1.414645809908038787e+00 -5.718798430034368607e-01 8.804530970691469838e-01
3.030908719053035383e-01 2.006440609070896830e+00 9.995734785587593318e-01
1.697836232986226213e+00 3.102852279228132670e-01 -9.617172112805225659e-01
6.568716421259790383e-01 1.783184102710734020e+00 9.950198045441175365e-01
-2.835375720657850707e+00 -9.382714035054552371e-01 1.632294294996141926e-01
6.714260628347482607e-01 -1.730741225512732129e+00 -9.896380466770016149e-01
1.838796855749333270e+00 1.627535039075771461e-01 -9.880685923874065191e-01
-3.877546050823112433e-01 9.539294110463316656e-01 -2.420076943672853920e-01
-8.872803466105835257e-01 -6.695085613086290133e-01 -4.589426999478209979e-01
4.612888904501985521e-01 -1.666599564009286327e+00 -9.626526224595564063e-01
-6.045684079817043033e-01 -1.714349799804576024e+00 9.832666566933897512e-01
3.240958337712330356e-02 2.730409929500897448e+00 6.828032814232094516e-01
-6.362364117812971953e-01 -9.150152163019102947e-01 4.645875318208474436e-01
2.969868487143399349e+00 -4.223611239150671937e-01 -2.230191588061508981e-02
-1.841438237994574290e-01 1.176598153217582654e+00 5.876995143200571814e-01
2.429177199125433173e+00 7.348367054417870303e-01 -8.430148838237336850e-01
1.519657351084578556e+00 -1.968110653140394684e+00 -8.736653750241103467e-01
2.999758664311447998e+00 3.607364915671970595e-02 6.991578985988422881e-03
1.059563305723423721e+00 -8.327961538498591665e-01 -7.579380732785407915e-01
-4.201225257755949460e-01 2.281108926254403979e+00 -9.475949522013096260e-01
-1.064086035634865590e+00 5.494682551295571038e-01 5.967577936583289278e-01
8.303089212491775450e-01 9.630067450754520308e-01 6.850803601371548979e-01
1.672733260720303594e+00 7.394855897890664220e-01 -9.852536815659995728e-01
1.583708421538382038e-01 9.966440104737920302e-01 -1.349563586686781114e-01
-5.410879136067607842e-01 -9.376260634874229449e-01 3.978556397391265209e-01
6.930955297594424414e-01 -1.068843145085274227e+00 -6.875832584805517955e-01
1.588822204463456567e+00 -1.383631962316257402e+00 9.942757515881154307e-01
1.295236642153236417e+00 -7.238464534805578721e-01 -8.564536946932912453e-01
-2.194582786253410411e+00 -1.348653332971556207e+00 8.175476832808538097e-01
5.050163359719394007e-01 -1.776052914908662128e+00 -9.881420513956771234e-01
-5.706974369650721357e-01 -1.323829641062937990e+00 8.295741580331488230e-01
-7.250601795140942940e-01 2.031891910709098248e+00 9.875378032638153503e-01
-2.307365532448636181e+00 3.777110875343942520e-01 9.411186595305013336e-01
2.428715367558250016e+00 -9.273436364222543693e-01 8.001983230330043106e-01
-4.861164153372944940e-01 8.739211862519979945e-01 6.885340710415422012e-03
1.806276749019302130e+00 1.908616118104614401e+00 7.783565296642689368e-01
4.285541814055179310e-01 -1.256238624422738148e+00 -7.399389282672017565e-01
1.302673083215393657e+00 -9.721504291675255871e-01 9.271999971432990373e-01
8.708465780829746095e-01 -5.892606215448529250e-01 -3.167053508159355379e-01
7.021705819629300294e-01 -2.048739220198915412e+00 -9.861715731518005956e-01
2.762114472427962042e+00 3.635617540818140148e-01 6.183046359694085448e-01
9.235377139354090659e-01 -4.883396671700101499e-01 2.956372890783872109e-01
1.171776937050591716e+00 -2.198257647112248137e+00 -8.711237214001892326e-01
1.781907726955695992e+00 -1.520151441775528411e+00 9.396151101118401794e-01
9.520793720504738822e-01 5.843149585032015869e-01 4.695330277639316319e-01
-6.649840399235386057e-01 -1.207540632168214279e+00 -7.834417564499763786e-01
5.435973479480070703e-01 2.937752139193679390e+00 -1.568522301245834361e-01
1.008607728369238066e+00 -3.525478274778807292e-02 -1.355075519914481497e-01
2.747295770110477431e+00 2.600556878478468836e-01 -6.504178574486313424e-01
8.576237560038763030e-01 -1.428008669361653382e+00 -9.424848970149022342e-01
-7.107096690281597962e-01 -7.846015591106989540e-01 3.373895944802753344e-01
6.499756199719186611e-01 -2.530987016900384745e+00 -7.899946217425294348e-01
2.598755052661833709e+00 8.068612620540924762e-01 6.927989215092003050e-01
1.542089984997321084e+00 -2.045282240725653899e+00 -8.274848541139462332e-01
2.977550963448757138e+00 2.604603824223354902e-01 1.484420933877566295e-01
-2.324941490855571224e+00 1.555701941224958418e+00 -6.034240157265000626e-01
2.062103542617726326e+00 -1.415347825837815599e+00 -8.653917850089219987e-01
-4.875078024820261174e-02 2.576383166035592254e+00 -8.168540775930640541e-01
1.375649636678699439e+00 -2.267458784481621414e+00 -7.581091486767219667e-01
4.323962855392224358e-02 -2.049882780542818583e+00 9.987322003652295832e-01
2.032736079558601805e+00 -1.729612548954008622e+00 7.432599517007402179e-01
7.378807505326691052e-01 -1.977211626233072783e+00 9.938860354528001873e-01
2.092068657759468042e+00 -2.096914670550634963e+00 2.728362050119420568e-01
-7.080020231256112240e-01 7.425455303012794550e-01 2.264740964045216520e-01
6.565824058170688371e-01 -2.920540135506440649e+00 1.143950345121077655e-01
1.557387063590008336e-01 1.306657276438054183e+00 -7.293935658183666737e-01
2.094872865518214944e+00 2.113330991012623894e+00 -2.192081893578833596e-01
2.010407986919688472e+00 -1.048274075457060306e+00 9.636152257098523632e-01
-2.529277452455818587e+00 -1.197177281422440176e+00 6.022611898326809543e-01
2.204425052685882847e+00 -1.169630921714331251e+00 8.686072458523493856e-01
1.073552636095564727e+00 7.953823223758649252e-01 -7.478164092000043617e-01
-4.266989907591389741e-01 1.936341133329969599e+00 -9.998520394430664426e-01
1.207226249728589329e-01 1.978882773547731233e+00 -9.998479416784991081e-01
1.651365802316365983e+00 6.991453634389951932e-02 -9.378078176741468930e-01
-1.211683522253073964e+00 -7.785728769023194662e-01 8.286691831542339903e-01
-2.443783488509404300e+00 5.516605631108671970e-01 -8.629578837652398526e-01
1.951792926123962824e+00 2.161817372730379549e+00 4.089642055398850506e-01
-1.623267054086175998e+00 -1.707162757991243396e+00 9.345938764121989317e-01
4.910441567851581146e-02 2.606849307520789250e+00 -7.944636176015651419e-01
3.548327379006064874e-01 1.197436296906438047e+00 -6.601924344674517942e-01
-9.626624140780437600e-01 9.730450742804942488e-01 7.755969846736617823e-01
8.017933028477391977e-01 -2.883479707183327800e+00 1.191230104115110627e-01
1.736135591265481448e+00 8.223077269632695918e-01 9.968770038538244949e-01
-1.113343759509382913e+00 -9.147843252652513302e-01 -8.291404450570273310e-01
2.835940434675560784e+00 9.740322574516868670e-01 -5.384794167374734597e-02
-1.583001686455990153e+00 1.757374671203347782e+00 9.309217004180116994e-01
2.184192183721128111e-01 1.290088053605864760e+00 7.223259372344011942e-01
1.001340006457271725e+00 3.927613100266066914e-02 6.492702766134220149e-02
7.373849724260628236e-01 1.062506451836868759e+00 -7.075255571570495672e-01
6.213841013997122298e-01 8.951741827074150004e-01 4.139581728235940949e-01
6.220496079423785962e-02 -2.999093034464413776e+00 -2.288650449943917253e-02
2.291751989761534158e+00 -5.118674356183552376e-01 -9.374129750526534188e-01
-2.141971848481298846e+00 6.775761254391498012e-01 9.691206782913132090e-01
4.673313392075543748e-01 -2.392341712625964067e+00 -8.991893461904574281e-01
3.963055626494280115e-01 -1.766508055505780828e+00 9.818646502288301825e-01
8.369056470093338973e-01 7.760782929303738920e-01 5.125834672167736139e-01
-7.841722356355036450e-01 2.524632580732701026e+00 7.653501346812793260e-01
-1.411652409332847802e-01 1.232041533923919907e+00 -6.500427985999415181e-01
2.664015202840507524e+00 -1.359591779665158651e+00 -1.346198032916760823e-01
-6.256065830524997207e-01 -8.464061600871050084e-01 -3.197990275596649945e-01
1.869983315467635687e-01 2.116264521406436394e+00 9.922183186623780848e-01
1.985014606590893793e+00 1.727551813863980490e+00 7.753873265996589215e-01
2.977373267811376789e-01 -1.298470642218079396e+00 7.443126993709229255e-01
-1.005922144613124569e+00 -2.806757064094720810e+00 1.910987118978798305e-01
9.940665683266753927e-01 -5.850297387139694605e-01 -5.322962757463625127e-01
-2.447615389566025534e+00 -9.470986991281876710e-01 -7.810527150184916056e-01
-2.105363656072253953e+00 2.024412240475374158e+00 3.901448204316766422e-01
-1.823830206262730291e+00 -2.378157245081828020e+00 7.744558375882722168e-02
2.997573600781523240e+00 -7.615839567746202077e-02 -5.400045920343468642e-02
-4.198671005185655031e-02 1.011440368868700368e+00 1.564332420638601950e-01
5.126719067999397916e-01 -2.405293342521249045e+00 -8.882694307748894014e-01
4.254859732959354601e-01 2.163191180822054971e+00 -9.788374538493431753e-01
-1.113823363560277668e+00 -3.354928462595106742e-02 -4.643124173997553172e-01
1.122316130705970805e+00 -7.204794823593578534e-02 4.834469515495803948e-01
-6.525864631152371587e-01 -1.715000585189033755e+00 9.862876903347698176e-01
-2.936632893946075296e+00 6.033684795826945724e-01 6.357551737767906663e-02
-2.493743059570293144e-02 -2.544069245539554824e+00 -8.389610547298794740e-01
1.205111929891684808e+00 2.727506464542194031e+00 -1.895228969645907924e-01
1.158031195915271816e+00 -3.438231882002796280e-01 -6.105139128354255540e-01
1.229289566525045618e+00 3.443064952739792739e-01 6.904259868303448400e-01
-8.228036288081405289e-03 1.028742338931295519e+00 -2.381647985706819293e-01
2.809665948254232437e-01 -1.383305295994598616e+00 -8.085342195541634913e-01
-7.814298754943563852e-01 1.123384755339834395e+00 -7.753263886015649975e-01
-2.150189836926023279e+00 -1.917259747545773108e+00 4.734263000405504740e-01
-1.044497625377728944e+00 2.765397370286664103e-01 3.930567322752100412e-01
2.342374102635087052e+00 -1.258860792435837928e+00 -7.519507977786904496e-01
1.636201590615125046e+00 -7.494057633814538155e-01 9.797257816770998939e-01
-1.117479011440626335e+00 -1.316999439633577795e+00 9.620729849407864132e-01
2.367284272075001805e+00 -1.334371553275935707e+00 6.966009523782780155e-01
9.395642331461550034e-01 4.468099807309486304e-01 2.813480461675794131e-01
1.005379676145391699e+00 1.600121529058158021e-01 1.890549362467085215e-01
-8.349352227875017629e-01 -1.734953266923360937e+00 9.972138195849100661e-01
1.423725920087943519e+00 1.001323965330607413e+00 -9.657666408663099222e-01
4.341589602261063940e-01 1.105670270503956054e+00 5.834563846469329462e-01
2.683966899779199888e-01 1.106323804391250443e+00 -5.076136464532418069e-01
-1.278138535532038489e+00 -1.385988222330321928e+00 9.934076877684320239e-01
7.354829686934594157e-02 1.013883255403967842e+00 -1.811656009199781592e-01
7.906655008301420873e-01 9.602890591478752125e-01 6.544652978258733711e-01
-5.796065139171777819e-02 2.999212913183443963e+00 -2.131010048346295219e-02
-1.497144731843759402e+00 -2.584229704891341406e+00 1.632528916267328989e-01
-3.773636884809995762e-02 -1.176560468419680205e+00 5.682810520763356132e-01
-2.645470855438788238e+00 2.793059727021020011e-01 -7.511123437353914856e-01
-2.223011361719673395e+00 -1.983255853571181282e+00 2.033418607944336431e-01
-9.268551325693779042e-01 4.095887178992776989e-01 1.626909764774294720e-01
1.255992979892532446e+00 -1.217969389383186440e+00 9.681326846399845865e-01
2.561102433906939257e+00 1.553896176873911461e+00 9.331473102765273919e-02
-2.547156165728273081e+00 -1.315190670130819584e+00 4.989018154570282748e-01
1.995054609934640011e-01 -1.001793293504054549e+00 -2.060841502545349424e-01
2.684846892302259480e+00 1.326178898279313678e+00 -1.045412930207191143e-01
1.065772419866971576e+00 1.767223565354679504e+00 -9.979676651989338731e-01
6.098313930248419057e-01 1.549037942276194402e+00 -9.421313750874333870e-01
-2.606008489901859182e+00 -6.525736530763819321e-01 7.271560938830657905e-01
5.384285021978473251e-01 -9.044925118169693246e-01 -3.201154760727841775e-01
1.838652071212059536e+00 1.596958139714515390e+00 9.002625620282798113e-01
-4.607937576838657019e-03 -2.721828143861600768e+00 6.920682767677727165e-01
-2.936232723725830329e+00 -4.136333844975571550e-01 -2.614231037727953177e-01
-1.413188594931105824e+00 3.229660378141391286e-01 8.349167637354333316e-01
8.012254168667815035e-02 -1.639437664110435566e+00 9.334891546053510902e-01
-1.286440328977200176e+00 8.842862515374049215e-01 8.985136480224916733e-01
2.488739930718375959e+00 9.331917378562759602e-01 7.530657150453530235e-01
-6.887703719383025946e-01 1.069690548853235779e+00 -6.858518568153724182e-01
-2.521332547658837520e+00 -2.594943544845657035e-01 8.450730296609710868e-01
1.720003143606875229e+00 -2.428777364504564940e+00 -2.171715719921901433e-01
-6.350469367518553065e-01 7.928055734312267067e-01 -1.769936902180531957e-01
2.566315735704666867e+00 1.144955699474549560e+00 5.862332112541124296e-01
1.421561329650280925e+00 2.409506804225395538e+00 6.031881803822621846e-01
-2.370373751511549720e+00 -6.310492532652333120e-01 -8.915430474305108266e-01
1.888878450235327522e+00 -1.384246998583188448e+00 9.397747119233432755e-01
-6.078551237631176773e-01 -2.352439073341585640e+00 9.029702067979098468e-01
-4.036398685916958717e-01 -2.666628933967985837e+00 -7.170664381983995472e-01
-1.672685983718614322e+00 1.926466183552370204e+00 -8.343046664269826440e-01
-7.186890893723127949e-01 -7.001146872768908569e-01 -8.156213292497144218e-02
-1.177055768484275067e+00 3.412437258913321725e-01 -6.326025370731831465e-01
-2.261587521706625470e+00 7.831869453023894145e-01 9.193856167190599393e-01
-6.965460332826580725e-01 2.492929507058069483e+00 -8.085616549088956440e-01
1.418241244370259391e-01 2.524774187385103286e+00 -8.487748771022579630e-01
6.820255296312062177e-01 2.840860790801880142e+00 -3.881807053131801633e-01
5.236952183236499581e-01 1.361520764149132923e+00 -8.408714108395968223e-01
-6.866379624792415814e-01 9.665351485937683229e-01 -5.803125169147660412e-01
1.529392068439147101e+00 -1.891636763090001505e+00 -9.016069655179085318e-01
-2.546370178907593207e+00 1.099448603473271335e+00 -6.336893440242261644e-01
-2.520364862363474678e+00 -8.470928077306754123e-01 -7.522213099423733507e-01
-9.621760504702575600e-01 8.325063540586239430e-01 6.859381997027341749e-01
-2.024723951929640720e+00 -1.913463392476625557e+00 6.184424670245457500e-01
-6.958226704485916958e-01 -8.916936361849819859e-01 -4.949096871025623900e-01
1.642188165523440491e+00 -5.139561549738728141e-01 9.602144044207484574e-01
-5.331846413994361100e-01 -1.933674710271834796e+00 9.999829621311002725e-01
1.805732893749743884e+00 -1.256737742880241537e+00 9.797930653564310699e-01
-2.430873218895984067e+00 -7.329333125500762103e-01 -8.423290952891615557e-01
-1.913758013046423345e+00 1.213848051750279246e-02 -9.962775506955690030e-01
5.168043601791137975e-01 -2.005523028272361952e+00 -9.974734214011047317e-01
3.098148293672616238e-01 1.237239600605039458e+00 6.892116723144980917e-01
-4.636486232415300557e-01 -2.635117283526612564e+00 -7.372721679782885396e-01
1.603754087733030520e+00 -1.785564030880185671e+00 -9.164909439761997900e-01
3.580322937422434904e-01 -2.218975411816307197e+00 9.688433952731522192e-01
2.428847200236853077e+00 2.319137676870273446e-01 8.980497041907031797e-01
2.953899864005137266e-01 1.933267913113464909e+00 9.990184723768609221e-01
1.261348059844864311e+00 -2.627668390326334702e+00 -4.040698455660449162e-01
6.601462794907658749e-01 -9.998055811254420444e-01 5.974362609761982856e-01
2.408057082471471988e-01 -1.041980125062072160e+00 3.661490088472542648e-01
-2.867757780785456401e+00 8.808731644112260950e-01 -3.042965754905982249e-03
-2.664731736142162521e+00 1.270219752203600727e+00 -3.061246539554257073e-01
1.321708960314464276e+00 -5.791833239073267137e-02 -7.359621947192251934e-01
-1.184095280590614419e+00 -8.744087118060167585e-01 -8.492207641112941019e-01
2.163680410622376815e+00 -2.054586669297084001e+00 -1.794745973097426617e-01
1.208545954686109480e+00 7.293311014824602756e-01 -8.085423171412426946e-01
-2.153838478715882909e-01 2.605656431332279865e+00 -7.888832448079674542e-01
6.169369653585690116e-01 2.934687662883670001e+00 -4.828519809749153707e-02
5.090523305645183738e-01 1.545452746509341946e+00 9.278843875140637687e-01
8.715636258056834729e-01 6.220100978417554272e-01 -3.694681586008275453e-01
-2.054438732983538074e+00 -1.670050477679600132e+00 7.619802562221515974e-01
-4.464377767436691902e-01 -2.283040116281955800e+00 -9.452731511952380261e-01
1.071900441158789574e+00 4.519118843763376137e-01 -5.476142207772177750e-01
-2.567061543758945685e+00 -8.305636082985536905e-01 7.160188340095400283e-01
-1.452426033136870132e+00 1.360187443223670911e+00 -9.999488648229103438e-01
-1.118390307979414550e-01 2.086037019956314964e+00 -9.960286865425738156e-01
6.805714705322382096e-01 -1.186265871998572363e+00 -7.746642383824456912e-01
-2.390640488302810063e+00 9.958655214840615999e-01 8.075710630240259258e-01
1.936209220538664733e+00 3.607881347867599175e-01 9.995358814203848530e-01
-1.177885161129492042e+00 -1.264325694123380917e+00 9.622930730156912249e-01
-5.785503098065146732e-01 -2.740942606893956413e+00 -5.982136976941955231e-01
9.034947438826367305e-01 2.653455024721219857e+00 5.959027539315394639e-01
1.095556266787477862e+00 1.456266753936563463e+00 9.840935790647640236e-01
-1.868305920525620056e+00 -1.292190357279671131e+00 -9.624005104892916496e-01
1.264810942785804526e+00 -2.314283260097448114e+00 -7.705683769394721105e-01
1.196709334238694744e+00 -5.731406146480613195e-01 7.395308267477325170e-01
-8.290887577693829558e-01 2.675637685594432824e+00 5.984674516633502472e-01
-2.677325394304009176e+00 -1.037992119263899671e+00 4.903996326518993421e-01
-5.348472485664166332e-01 -2.809259250141238784e+00 5.107654359666525812e-01
-1.215938207065854648e+00 1.250381466298241095e+00 -9.667089289535658603e-01
2.576047015054555800e+00 -1.185476336343306736e+00 -5.491384957486791230e-01
8.657270989547708462e-01 -8.084128055222264964e-01 5.787418607074177324e-01
1.217602722270397120e+00 1.259995893965510261e+00 9.688069179915096418e-01
7.627129725041900121e-01 1.184037904138107056e+00 8.062541034689006958e-01
2.087617238895260741e+00 2.154122172643214483e+00 -2.317890442049390723e-02
1.189399413945330108e+00 -1.810591005643342466e-01 -6.041132976541334632e-01
-1.492713471193749530e+00 1.710352817571272110e+00 -9.628232377358046934e-01
4.000027584556349325e-01 2.110013167663205014e+00 9.890481097225245488e-01
-1.460256918942993698e+00 -2.551945846206687296e+00 3.406220403906944916e-01
-1.648657510337214527e+00 -1.617463415572391927e+00 9.508663722128211093e-01
-1.204225984726424947e+00 -1.524963157347367204e+00 -9.983803994250430858e-01
1.079966690001006757e+00 2.150550954147395222e-01 -4.382987050068839485e-01
6.808397150604662829e-02 1.044622164054866298e+00 -3.024618957409280218e-01
1.331293809070491996e+00 1.963094093440144849e+00 -9.282582710798970016e-01
-2.905266418196861711e+00 5.080173540834249657e-01 -3.142261342177625205e-01
1.598260041848935664e+00 2.356257369109618638e-01 -9.231397382044759237e-01
1.027853792233136776e+00 -2.164163120087533865e-01 3.134343737544135755e-01
-8.529391300863871095e-01 -1.083089209631971084e+00 -7.835077041822275934e-01
1.642728998241371752e+00 -7.141734223452392838e-01 9.779705669045273275e-01
-8.548727469477586105e-01 5.936425813161856357e-01 -2.826539063761999704e-01
2.401861179454572781e+00 4.381077349853313430e-01 8.972659591650528066e-01
2.143436275625747456e+00 -4.136904750007220910e-01 9.831141974227018965e-01
1.647861019005000927e+00 1.556764604022292442e+00 -9.637165101427370706e-01
6.697226299311181963e-01 2.919900847977416447e+00 9.240135585446165867e-02
9.261829753323995718e-01 1.473322581639056272e+00 -9.656777724050203959e-01
1.704562433180524916e+00 -8.368500088803584314e-01 9.948770664648793893e-01
3.550936680874125506e-01 -9.765561885722299218e-01 2.769368592016491215e-01
-2.400783974001060028e-01 -9.755984337682989116e-01 -9.687975735947433609e-02
-2.701434034211786184e+00 8.256838002193410686e-01 -5.654234118223293581e-01
-1.610945519290335692e+00 -2.333902709369302664e-01 -9.281382189827669382e-01
1.928080160976418878e+00 6.815627205794634325e-01 9.989870326166051528e-01
-1.916462179254610765e-01 2.617170658805390904e+00 -7.812821129414566634e-01
1.026126643239603897e+00 -1.611800209187839616e+00 9.960062124662284466e-01
-5.930436436040816828e-01 9.107185883177847385e-01 4.074857594679450190e-01
-1.782384412263762652e+00 2.205880583514716164e+00 5.487543291143072155e-01
-2.109342636243731750e+00 1.251228992412391383e+00 8.917494952674198672e-01
5.930038381418307747e-01 -2.854505826544600833e+00 -4.024284674539320705e-01
